individual,Sample,population,orange,blue,red,green
1,993,Bantu (S. Africa),0.466,0.182,0.127,0.225
2,1028,Bantu (S. Africa),0.464,0.243,0.155,0.138
3,1030,Bantu (S. Africa),0.605,0.135,0.112,0.148
4,1031,Bantu (S. Africa),0.274,0.247,0.268,0.212
5,1033,Bantu (S. Africa),0.709,0.106,0.112,0.073
6,1034,Bantu (S. Africa),0.617,0.099,0.169,0.115
7,1035,Bantu (S. Africa),0.432,0.143,0.256,0.169
8,1405,Bantu (Kenya) ,0.372,0.281,0.19,0.158
9,1406,Bantu (Kenya) ,0.536,0.123,0.157,0.183
10,1408,Bantu (Kenya) ,0.325,0.209,0.362,0.104
11,1411,Bantu (Kenya) ,0.572,0.129,0.149,0.151
12,1412,Bantu (Kenya) ,0.451,0.177,0.218,0.154
13,1413,Bantu (Kenya) ,0.386,0.131,0.193,0.289
14,1414,Bantu (Kenya) ,0.754,0.087,0.086,0.073
15,1415,Bantu (Kenya) ,0.65,0.199,0.075,0.076
16,1416,Bantu (Kenya) ,0.625,0.136,0.163,0.075
17,1417,Bantu (Kenya) ,0.302,0.177,0.35,0.171
18,1418,Bantu (Kenya) ,0.503,0.159,0.121,0.217
19,1419,Bantu (Kenya) ,0.485,0.26,0.098,0.157
20,904,Mandenka  ,0.636,0.103,0.166,0.095
21,905,Mandenka  ,0.31,0.155,0.328,0.207
22,907,Mandenka  ,0.56,0.128,0.194,0.118
23,908,Mandenka  ,0.589,0.142,0.128,0.141
24,909,Mandenka  ,0.66,0.099,0.146,0.095
25,910,Mandenka  ,0.578,0.136,0.197,0.09
26,912,Mandenka  ,0.525,0.087,0.308,0.08
27,914,Mandenka  ,0.606,0.093,0.177,0.123
28,915,Mandenka  ,0.461,0.268,0.103,0.168
29,916,Mandenka  ,0.46,0.274,0.077,0.189
30,917,Mandenka  ,0.385,0.239,0.235,0.141
31,918,Mandenka  ,0.526,0.164,0.205,0.104
32,919,Mandenka  ,0.423,0.144,0.271,0.162
33,1199,Mandenka  ,0.632,0.137,0.147,0.084
34,1200,Mandenka  ,0.573,0.106,0.176,0.145
35,1201,Mandenka  ,0.568,0.14,0.191,0.1
36,1202,Mandenka  ,0.422,0.3,0.129,0.149
37,1283,Mandenka  ,0.399,0.176,0.33,0.095
38,1284,Mandenka  ,0.563,0.152,0.141,0.144
39,1285,Mandenka  ,0.694,0.08,0.155,0.071
40,1286,Mandenka  ,0.521,0.181,0.17,0.128
41,920,Yoruba  ,0.514,0.085,0.22,0.181
42,921,Yoruba  ,0.603,0.104,0.175,0.118
43,922,Yoruba  ,0.218,0.429,0.132,0.221
44,923,Yoruba  ,0.316,0.354,0.153,0.177
45,924,Yoruba  ,0.564,0.12,0.152,0.164
46,925,Yoruba  ,0.363,0.254,0.154,0.23
47,926,Yoruba  ,0.561,0.192,0.14,0.107
48,927,Yoruba  ,0.47,0.099,0.299,0.132
49,928,Yoruba  ,0.699,0.114,0.127,0.061
50,929,Yoruba  ,0.517,0.221,0.206,0.057
51,930,Yoruba  ,0.449,0.155,0.263,0.133
52,931,Yoruba  ,0.34,0.157,0.292,0.211
53,932,Yoruba  ,0.586,0.152,0.128,0.134
54,933,Yoruba  ,0.468,0.11,0.134,0.288
55,934,Yoruba  ,0.542,0.186,0.168,0.104
56,935,Yoruba  ,0.546,0.179,0.09,0.184
57,936,Yoruba  ,0.394,0.179,0.201,0.226
58,937,Yoruba  ,0.471,0.267,0.142,0.119
59,938,Yoruba  ,0.222,0.194,0.288,0.296
60,940,Yoruba  ,0.551,0.2,0.112,0.136
61,941,Yoruba  ,0.511,0.168,0.227,0.095
62,942,Yoruba  ,0.363,0.2,0.116,0.321
63,943,Yoruba  ,0.643,0.108,0.144,0.105
64,988,San  ,0.602,0.133,0.143,0.122
65,448,Biaka Pygmy ,0.473,0.138,0.227,0.162
66,451,Biaka Pygmy ,0.641,0.187,0.107,0.065
67,473,Biaka Pygmy ,0.466,0.143,0.145,0.246
68,475,Biaka Pygmy ,0.693,0.08,0.095,0.132
69,477,Biaka Pygmy ,0.602,0.15,0.155,0.093
70,479,Biaka Pygmy ,0.46,0.304,0.138,0.098
71,985,Biaka Pygmy ,0.465,0.136,0.176,0.223
72,986,Biaka Pygmy ,0.329,0.177,0.369,0.124
73,1084,Biaka Pygmy ,0.382,0.097,0.284,0.237
74,1085,Biaka Pygmy ,0.696,0.098,0.141,0.066
75,1086,Biaka Pygmy ,0.661,0.169,0.11,0.061
76,1088,Biaka Pygmy ,0.592,0.174,0.079,0.155
77,1089,Biaka Pygmy ,0.446,0.127,0.213,0.214
78,1090,Biaka Pygmy ,0.64,0.113,0.15,0.097
79,1091,Biaka Pygmy ,0.47,0.195,0.205,0.13
80,1093,Biaka Pygmy ,0.386,0.186,0.197,0.231
81,1094,Biaka Pygmy ,0.66,0.112,0.151,0.077
82,449,Mbuti Pygmy ,0.692,0.119,0.119,0.07
83,450,Mbuti Pygmy ,0.541,0.108,0.259,0.092
84,462,Mbuti Pygmy ,0.731,0.069,0.121,0.079
85,463,Mbuti Pygmy ,0.403,0.127,0.32,0.149
86,467,Mbuti Pygmy ,0.497,0.097,0.139,0.267
87,468,Mbuti Pygmy ,0.726,0.084,0.112,0.077
88,471,Mbuti Pygmy ,0.646,0.152,0.134,0.068
89,474,Mbuti Pygmy ,0.582,0.097,0.223,0.099
90,478,Mbuti Pygmy ,0.692,0.115,0.11,0.083
91,982,Mbuti Pygmy ,0.436,0.143,0.337,0.085
92,983,Mbuti Pygmy ,0.613,0.074,0.225,0.087
93,984,Mbuti Pygmy ,0.506,0.151,0.217,0.126
94,1081,Mbuti Pygmy ,0.5,0.312,0.072,0.116
95,794,Orcadian  ,0.264,0.299,0.187,0.25
96,795,Orcadian  ,0.233,0.347,0.226,0.194
97,796,Orcadian  ,0.261,0.121,0.502,0.116
98,797,Orcadian  ,0.171,0.198,0.292,0.338
99,798,Orcadian  ,0.144,0.303,0.452,0.101
100,799,Orcadian  ,0.128,0.648,0.101,0.123
101,800,Orcadian  ,0.121,0.346,0.237,0.295
102,801,Orcadian  ,0.207,0.405,0.187,0.201
103,802,Orcadian  ,0.168,0.389,0.277,0.166
104,803,Orcadian  ,0.208,0.153,0.513,0.126
105,804,Orcadian  ,0.094,0.206,0.225,0.475
106,805,Orcadian  ,0.114,0.212,0.386,0.287
107,806,Orcadian  ,0.209,0.282,0.225,0.284
108,807,Orcadian  ,0.31,0.225,0.32,0.145
109,808,Orcadian  ,0.209,0.297,0.278,0.217
110,810,Orcadian  ,0.2,0.4,0.157,0.242
111,1381,Adygei  ,0.356,0.356,0.12,0.168
112,1382,Adygei  ,0.278,0.254,0.142,0.326
113,1383,Adygei  ,0.28,0.351,0.241,0.128
114,1384,Adygei  ,0.149,0.284,0.402,0.166
115,1385,Adygei  ,0.17,0.254,0.305,0.271
116,1386,Adygei  ,0.144,0.48,0.161,0.214
117,1387,Adygei  ,0.104,0.345,0.282,0.269
118,1388,Adygei  ,0.312,0.342,0.173,0.173
119,1396,Adygei  ,0.13,0.355,0.322,0.194
120,1397,Adygei  ,0.145,0.133,0.412,0.311
121,1398,Adygei  ,0.275,0.23,0.258,0.238
122,1399,Adygei  ,0.295,0.172,0.217,0.317
123,1400,Adygei  ,0.146,0.444,0.209,0.201
124,1401,Adygei  ,0.187,0.395,0.223,0.194
125,1402,Adygei  ,0.142,0.487,0.211,0.16
126,1403,Adygei  ,0.184,0.302,0.204,0.311
127,1404,Adygei  ,0.097,0.391,0.214,0.297
128,879,Russian  ,0.246,0.264,0.19,0.3
129,880,Russian  ,0.15,0.303,0.298,0.248
130,881,Russian  ,0.168,0.37,0.327,0.136
131,882,Russian  ,0.288,0.278,0.196,0.239
132,883,Russian  ,0.214,0.389,0.161,0.236
133,884,Russian  ,0.165,0.287,0.207,0.341
134,885,Russian  ,0.204,0.221,0.438,0.136
135,886,Russian  ,0.426,0.117,0.201,0.257
136,887,Russian  ,0.403,0.289,0.15,0.159
137,888,Russian  ,0.117,0.328,0.254,0.301
138,889,Russian  ,0.385,0.163,0.223,0.228
139,890,Russian  ,0.143,0.254,0.449,0.155
140,891,Russian  ,0.344,0.296,0.241,0.119
141,892,Russian  ,0.251,0.159,0.23,0.36
142,893,Russian  ,0.524,0.212,0.16,0.104
143,894,Russian  ,0.25,0.377,0.224,0.149
144,895,Russian  ,0.159,0.306,0.157,0.377
145,896,Russian  ,0.23,0.355,0.217,0.198
146,897,Russian  ,0.295,0.234,0.247,0.224
147,898,Russian  ,0.325,0.344,0.187,0.144
148,899,Russian  ,0.253,0.24,0.386,0.121
149,900,Russian  ,0.238,0.444,0.223,0.095
150,901,Russian  ,0.101,0.609,0.175,0.114
151,902,Russian  ,0.347,0.231,0.128,0.295
152,903,Russian  ,0.205,0.168,0.487,0.139
153,1357,Basque  ,0.163,0.262,0.162,0.412
154,1358,Basque  ,0.16,0.447,0.226,0.167
155,1359,Basque  ,0.155,0.37,0.182,0.293
156,1360,Basque  ,0.165,0.325,0.193,0.317
157,1361,Basque  ,0.115,0.172,0.154,0.559
158,1362,Basque  ,0.122,0.284,0.412,0.182
159,1363,Basque  ,0.181,0.342,0.304,0.173
160,1364,Basque  ,0.135,0.157,0.509,0.199
161,1365,Basque  ,0.355,0.265,0.195,0.184
162,1366,Basque  ,0.114,0.328,0.196,0.362
163,1367,Basque  ,0.113,0.528,0.13,0.229
164,1368,Basque  ,0.163,0.447,0.263,0.127
165,1369,Basque  ,0.165,0.558,0.139,0.138
166,1370,Basque  ,0.131,0.499,0.152,0.218
167,1372,Basque  ,0.193,0.423,0.252,0.132
168,1373,Basque  ,0.163,0.379,0.119,0.339
169,1374,Basque  ,0.165,0.401,0.162,0.272
170,1375,Basque  ,0.176,0.256,0.348,0.22
171,1376,Basque  ,0.184,0.25,0.455,0.111
172,1377,Basque  ,0.298,0.463,0.165,0.073
173,1378,Basque  ,0.231,0.397,0.286,0.086
174,1379,Basque  ,0.173,0.229,0.281,0.316
175,1380,Basque  ,0.086,0.188,0.248,0.478
176,515,French  ,0.129,0.583,0.198,0.09
177,516,French  ,0.159,0.58,0.118,0.143
178,517,French  ,0.132,0.251,0.372,0.246
179,518,French  ,0.241,0.337,0.201,0.221
180,519,French  ,0.326,0.444,0.134,0.096
181,520,French  ,0.337,0.265,0.189,0.209
182,521,French  ,0.133,0.563,0.208,0.096
183,522,French  ,0.211,0.487,0.152,0.15
184,523,French  ,0.127,0.506,0.231,0.137
185,524,French  ,0.158,0.399,0.227,0.216
186,525,French  ,0.158,0.421,0.174,0.246
187,526,French  ,0.108,0.57,0.14,0.182
188,527,French  ,0.277,0.344,0.164,0.215
189,528,French  ,0.219,0.39,0.254,0.137
190,529,French  ,0.139,0.304,0.326,0.23
191,530,French  ,0.256,0.168,0.338,0.239
192,531,French  ,0.235,0.34,0.329,0.096
193,532,French  ,0.116,0.288,0.257,0.339
194,533,French  ,0.165,0.262,0.402,0.172
195,534,French  ,0.188,0.394,0.286,0.132
196,535,French  ,0.202,0.447,0.239,0.112
197,536,French  ,0.208,0.376,0.21,0.207
198,537,French  ,0.358,0.29,0.132,0.219
199,538,French  ,0.174,0.279,0.479,0.068
200,539,French  ,0.251,0.347,0.19,0.212
201,1147,Italian  ,0.188,0.368,0.228,0.217
202,1149,Italian  ,0.354,0.363,0.103,0.18
203,1151,Italian  ,0.154,0.454,0.158,0.233
204,1152,Italian  ,0.247,0.25,0.299,0.204
205,1153,Italian  ,0.124,0.576,0.158,0.141
206,1155,Italian  ,0.248,0.337,0.223,0.191
207,1156,Italian  ,0.178,0.367,0.197,0.258
208,1157,Italian  ,0.156,0.38,0.17,0.294
209,1171,Italian  ,0.354,0.188,0.196,0.262
210,1172,Italian  ,0.288,0.198,0.301,0.213
211,1173,Italian  ,0.198,0.311,0.301,0.19
212,1174,Italian  ,0.285,0.34,0.145,0.229
213,1177,Italian  ,0.196,0.33,0.292,0.182
214,665,Sardinian  ,0.303,0.349,0.166,0.182
215,666,Sardinian  ,0.277,0.381,0.203,0.139
216,667,Sardinian  ,0.153,0.385,0.273,0.189
217,668,Sardinian  ,0.178,0.362,0.226,0.234
218,669,Sardinian  ,0.224,0.536,0.087,0.153
219,670,Sardinian  ,0.241,0.275,0.193,0.29
220,671,Sardinian  ,0.158,0.526,0.071,0.245
221,672,Sardinian  ,0.186,0.491,0.174,0.148
222,673,Sardinian  ,0.14,0.518,0.142,0.2
223,674,Sardinian  ,0.116,0.494,0.149,0.24
224,1062,Sardinian  ,0.211,0.364,0.176,0.249
225,1063,Sardinian  ,0.228,0.455,0.134,0.183
226,1064,Sardinian  ,0.193,0.462,0.221,0.124
227,1065,Sardinian  ,0.307,0.246,0.101,0.346
228,1066,Sardinian  ,0.233,0.468,0.122,0.178
229,1067,Sardinian  ,0.285,0.291,0.164,0.261
230,1068,Sardinian  ,0.207,0.365,0.237,0.192
231,1069,Sardinian  ,0.291,0.264,0.199,0.245
232,1070,Sardinian  ,0.23,0.522,0.074,0.174
233,1071,Sardinian  ,0.098,0.633,0.094,0.175
234,1072,Sardinian  ,0.172,0.434,0.18,0.214
235,1073,Sardinian  ,0.346,0.246,0.289,0.119
236,1074,Sardinian  ,0.316,0.426,0.166,0.093
237,1075,Sardinian  ,0.473,0.288,0.158,0.08
238,1076,Sardinian  ,0.402,0.324,0.138,0.136
239,1077,Sardinian  ,0.109,0.211,0.365,0.315
240,1078,Sardinian  ,0.192,0.202,0.094,0.512
241,1079,Sardinian  ,0.223,0.493,0.152,0.131
242,1161,Tuscan  ,0.171,0.503,0.181,0.144
243,1162,Tuscan  ,0.191,0.453,0.2,0.155
244,1163,Tuscan  ,0.207,0.264,0.23,0.299
245,1164,Tuscan  ,0.234,0.294,0.276,0.197
246,1166,Tuscan  ,0.31,0.331,0.234,0.125
247,1167,Tuscan  ,0.362,0.243,0.221,0.174
248,1168,Tuscan  ,0.189,0.423,0.118,0.27
249,1169,Tuscan  ,0.166,0.51,0.165,0.158
250,1253,Mozabite  ,0.16,0.541,0.158,0.14
251,1254,Mozabite  ,0.195,0.393,0.231,0.181
252,1255,Mozabite  ,0.358,0.215,0.105,0.322
253,1256,Mozabite  ,0.151,0.303,0.216,0.33
254,1257,Mozabite  ,0.334,0.292,0.258,0.115
255,1258,Mozabite  ,0.321,0.311,0.117,0.25
256,1259,Mozabite  ,0.382,0.193,0.125,0.3
257,1260,Mozabite  ,0.295,0.151,0.186,0.367
258,1261,Mozabite  ,0.209,0.565,0.125,0.102
259,1262,Mozabite  ,0.227,0.155,0.458,0.16
260,1263,Mozabite  ,0.129,0.338,0.356,0.177
261,1265,Mozabite  ,0.37,0.39,0.145,0.095
262,1266,Mozabite  ,0.198,0.397,0.289,0.117
263,1268,Mozabite  ,0.489,0.205,0.13,0.176
264,1269,Mozabite  ,0.099,0.401,0.177,0.323
265,1270,Mozabite  ,0.368,0.361,0.127,0.144
266,1271,Mozabite  ,0.404,0.226,0.282,0.087
267,1272,Mozabite  ,0.196,0.533,0.193,0.078
268,1273,Mozabite  ,0.44,0.207,0.126,0.227
269,1275,Mozabite  ,0.312,0.406,0.177,0.105
270,1276,Mozabite  ,0.394,0.187,0.216,0.203
271,1277,Mozabite  ,0.447,0.21,0.16,0.182
272,1278,Mozabite  ,0.179,0.606,0.116,0.099
273,1280,Mozabite  ,0.339,0.32,0.091,0.25
274,1281,Mozabite  ,0.368,0.322,0.106,0.203
275,1282,Mozabite  ,0.389,0.232,0.289,0.09
276,607,Bedouin  ,0.277,0.351,0.155,0.217
277,608,Bedouin  ,0.161,0.584,0.122,0.132
278,609,Bedouin  ,0.595,0.12,0.209,0.076
279,610,Bedouin  ,0.1,0.576,0.096,0.228
280,611,Bedouin  ,0.354,0.276,0.142,0.228
281,612,Bedouin  ,0.245,0.554,0.106,0.095
282,613,Bedouin  ,0.232,0.276,0.131,0.361
283,614,Bedouin  ,0.271,0.188,0.279,0.262
284,615,Bedouin  ,0.177,0.495,0.147,0.182
285,616,Bedouin  ,0.131,0.539,0.181,0.149
286,617,Bedouin  ,0.258,0.35,0.177,0.215
287,618,Bedouin  ,0.213,0.562,0.085,0.14
288,619,Bedouin  ,0.408,0.296,0.143,0.152
289,620,Bedouin  ,0.244,0.263,0.412,0.081
290,621,Bedouin  ,0.439,0.128,0.184,0.25
291,622,Bedouin  ,0.152,0.341,0.286,0.22
292,623,Bedouin  ,0.389,0.328,0.142,0.141
293,624,Bedouin  ,0.132,0.334,0.226,0.308
294,625,Bedouin  ,0.165,0.26,0.479,0.096
295,626,Bedouin  ,0.231,0.22,0.384,0.164
296,627,Bedouin  ,0.118,0.413,0.127,0.342
297,628,Bedouin  ,0.259,0.346,0.213,0.182
298,629,Bedouin  ,0.2,0.435,0.112,0.252
299,630,Bedouin  ,0.144,0.482,0.159,0.214
300,631,Bedouin  ,0.285,0.443,0.154,0.118
301,632,Bedouin  ,0.422,0.322,0.139,0.116
302,633,Bedouin  ,0.204,0.329,0.234,0.233
303,634,Bedouin  ,0.159,0.44,0.146,0.255
304,635,Bedouin  ,0.287,0.296,0.171,0.246
305,636,Bedouin  ,0.222,0.42,0.198,0.16
306,637,Bedouin  ,0.166,0.526,0.143,0.164
307,638,Bedouin  ,0.419,0.294,0.119,0.167
308,639,Bedouin  ,0.175,0.508,0.235,0.082
309,640,Bedouin  ,0.31,0.489,0.075,0.126
310,641,Bedouin  ,0.113,0.651,0.135,0.102
311,642,Bedouin  ,0.187,0.391,0.303,0.118
312,643,Bedouin  ,0.174,0.536,0.123,0.167
313,644,Bedouin  ,0.258,0.333,0.184,0.226
314,645,Bedouin  ,0.141,0.309,0.344,0.206
315,646,Bedouin  ,0.361,0.201,0.13,0.309
316,647,Bedouin  ,0.377,0.304,0.105,0.213
317,648,Bedouin  ,0.14,0.492,0.142,0.227
318,649,Bedouin  ,0.175,0.393,0.291,0.142
319,650,Bedouin  ,0.178,0.174,0.249,0.399
320,651,Bedouin  ,0.236,0.418,0.249,0.097
321,653,Bedouin  ,0.114,0.56,0.102,0.224
322,654,Bedouin  ,0.192,0.577,0.099,0.132
323,701,Bedouin  ,0.288,0.344,0.145,0.222
324,557,Druze  ,0.13,0.364,0.348,0.158
325,558,Druze  ,0.201,0.413,0.278,0.107
326,559,Druze  ,0.153,0.357,0.118,0.372
327,560,Druze  ,0.124,0.57,0.169,0.137
328,561,Druze  ,0.175,0.353,0.316,0.156
329,562,Druze  ,0.153,0.42,0.095,0.332
330,563,Druze  ,0.169,0.278,0.287,0.266
331,564,Druze  ,0.189,0.293,0.402,0.116
332,565,Druze  ,0.246,0.396,0.162,0.197
333,566,Druze  ,0.158,0.439,0.239,0.164
334,567,Druze  ,0.277,0.418,0.11,0.196
335,568,Druze  ,0.124,0.649,0.145,0.082
336,569,Druze  ,0.125,0.48,0.167,0.229
337,570,Druze  ,0.279,0.152,0.474,0.095
338,571,Druze  ,0.275,0.34,0.211,0.173
339,572,Druze  ,0.205,0.492,0.12,0.183
340,573,Druze  ,0.268,0.289,0.222,0.222
341,574,Druze  ,0.112,0.593,0.188,0.107
342,575,Druze  ,0.21,0.48,0.166,0.145
343,576,Druze  ,0.152,0.606,0.133,0.109
344,577,Druze  ,0.222,0.446,0.221,0.111
345,578,Druze  ,0.143,0.533,0.143,0.181
346,579,Druze  ,0.155,0.457,0.131,0.256
347,580,Druze  ,0.12,0.332,0.186,0.363
348,581,Druze  ,0.115,0.297,0.471,0.116
349,582,Druze  ,0.125,0.164,0.258,0.452
350,583,Druze  ,0.124,0.507,0.089,0.28
351,584,Druze  ,0.088,0.409,0.129,0.374
352,585,Druze  ,0.135,0.515,0.163,0.187
353,586,Druze  ,0.154,0.345,0.276,0.225
354,587,Druze  ,0.29,0.408,0.124,0.177
355,588,Druze  ,0.141,0.563,0.143,0.153
356,590,Druze  ,0.164,0.234,0.286,0.315
357,591,Druze  ,0.151,0.304,0.386,0.159
358,592,Druze  ,0.211,0.31,0.252,0.228
359,594,Druze  ,0.397,0.209,0.28,0.113
360,595,Druze  ,0.193,0.452,0.254,0.102
361,598,Druze  ,0.104,0.388,0.295,0.213
362,599,Druze  ,0.131,0.609,0.161,0.099
363,600,Druze  ,0.165,0.211,0.444,0.181
364,601,Druze  ,0.196,0.394,0.213,0.197
365,602,Druze  ,0.161,0.376,0.282,0.181
366,603,Druze  ,0.133,0.364,0.277,0.225
367,604,Druze  ,0.178,0.384,0.333,0.105
368,605,Druze  ,0.365,0.272,0.17,0.193
369,606,Druze  ,0.208,0.28,0.171,0.341
370,675,Palestinian  ,0.087,0.422,0.161,0.33
371,676,Palestinian  ,0.253,0.456,0.133,0.159
372,677,Palestinian  ,0.202,0.431,0.273,0.094
373,678,Palestinian  ,0.083,0.655,0.147,0.115
374,679,Palestinian  ,0.441,0.24,0.163,0.156
375,680,Palestinian  ,0.153,0.226,0.289,0.332
376,681,Palestinian  ,0.228,0.431,0.108,0.233
377,682,Palestinian  ,0.387,0.265,0.161,0.187
378,683,Palestinian  ,0.443,0.258,0.165,0.135
379,684,Palestinian  ,0.217,0.429,0.184,0.17
380,685,Palestinian  ,0.32,0.147,0.307,0.226
381,686,Palestinian  ,0.259,0.339,0.175,0.227
382,687,Palestinian  ,0.261,0.5,0.155,0.084
383,688,Palestinian  ,0.135,0.255,0.424,0.187
384,689,Palestinian  ,0.18,0.312,0.273,0.234
385,690,Palestinian  ,0.228,0.304,0.235,0.233
386,691,Palestinian  ,0.122,0.285,0.235,0.358
387,692,Palestinian  ,0.321,0.264,0.254,0.161
388,693,Palestinian  ,0.159,0.471,0.204,0.166
389,694,Palestinian  ,0.23,0.518,0.15,0.102
390,695,Palestinian  ,0.217,0.465,0.17,0.148
391,696,Palestinian  ,0.249,0.119,0.227,0.405
392,697,Palestinian  ,0.332,0.257,0.251,0.16
393,698,Palestinian  ,0.177,0.335,0.23,0.258
394,699,Palestinian  ,0.161,0.276,0.321,0.243
395,700,Palestinian  ,0.463,0.206,0.218,0.113
396,722,Palestinian  ,0.291,0.493,0.133,0.083
397,723,Palestinian  ,0.213,0.489,0.185,0.113
398,724,Palestinian  ,0.242,0.281,0.145,0.332
399,725,Palestinian  ,0.165,0.399,0.127,0.308
400,726,Palestinian  ,0.447,0.195,0.123,0.235
401,727,Palestinian  ,0.118,0.349,0.174,0.359
402,728,Palestinian  ,0.211,0.294,0.122,0.373
403,729,Palestinian  ,0.175,0.493,0.1,0.232
404,730,Palestinian  ,0.275,0.367,0.153,0.205
405,731,Palestinian  ,0.183,0.212,0.226,0.379
406,732,Palestinian  ,0.294,0.29,0.288,0.128
407,733,Palestinian  ,0.193,0.346,0.289,0.172
408,734,Palestinian  ,0.147,0.553,0.164,0.135
409,735,Palestinian  ,0.219,0.303,0.259,0.219
410,736,Palestinian  ,0.247,0.335,0.162,0.255
411,737,Palestinian  ,0.211,0.294,0.339,0.156
412,738,Palestinian  ,0.41,0.311,0.132,0.147
413,739,Palestinian  ,0.126,0.37,0.289,0.214
414,740,Palestinian  ,0.151,0.213,0.224,0.412
415,741,Palestinian  ,0.115,0.616,0.107,0.163
416,742,Palestinian  ,0.178,0.595,0.149,0.078
417,743,Palestinian  ,0.27,0.294,0.233,0.203
418,744,Palestinian  ,0.224,0.475,0.122,0.179
419,745,Palestinian  ,0.457,0.295,0.099,0.149
420,746,Palestinian  ,0.243,0.397,0.145,0.215
421,52,Balochi  ,0.235,0.408,0.246,0.111
422,54,Balochi  ,0.13,0.44,0.28,0.15
423,56,Balochi  ,0.173,0.338,0.364,0.125
424,57,Balochi  ,0.338,0.317,0.218,0.126
425,58,Balochi  ,0.403,0.239,0.192,0.166
426,60,Balochi  ,0.178,0.236,0.202,0.384
427,62,Balochi  ,0.091,0.641,0.109,0.159
428,64,Balochi  ,0.197,0.553,0.127,0.123
429,66,Balochi  ,0.086,0.416,0.109,0.39
430,68,Balochi  ,0.374,0.156,0.173,0.297
431,70,Balochi  ,0.191,0.409,0.232,0.168
432,72,Balochi  ,0.155,0.564,0.131,0.151
433,74,Balochi  ,0.168,0.442,0.182,0.208
434,76,Balochi  ,0.121,0.412,0.18,0.286
435,78,Balochi  ,0.174,0.336,0.284,0.206
436,80,Balochi  ,0.1,0.568,0.093,0.239
437,82,Balochi  ,0.27,0.139,0.392,0.199
438,84,Balochi  ,0.148,0.274,0.425,0.153
439,86,Balochi  ,0.112,0.675,0.094,0.119
440,88,Balochi  ,0.351,0.434,0.121,0.094
441,90,Balochi  ,0.083,0.354,0.112,0.45
442,92,Balochi  ,0.291,0.226,0.395,0.088
443,94,Balochi  ,0.282,0.15,0.402,0.166
444,96,Balochi  ,0.137,0.319,0.125,0.419
445,98,Balochi  ,0.294,0.197,0.152,0.357
446,1,Brahui  ,0.195,0.384,0.132,0.289
447,3,Brahui  ,0.129,0.391,0.194,0.286
448,5,Brahui  ,0.098,0.37,0.277,0.255
449,7,Brahui  ,0.205,0.216,0.303,0.275
450,9,Brahui  ,0.403,0.206,0.254,0.137
451,11,Brahui  ,0.25,0.426,0.205,0.118
452,13,Brahui  ,0.439,0.167,0.19,0.204
453,15,Brahui  ,0.128,0.39,0.155,0.328
454,17,Brahui  ,0.104,0.349,0.126,0.421
455,19,Brahui  ,0.128,0.2,0.226,0.446
456,21,Brahui  ,0.428,0.216,0.183,0.174
457,23,Brahui  ,0.349,0.335,0.137,0.179
458,25,Brahui  ,0.119,0.497,0.148,0.236
459,27,Brahui  ,0.187,0.446,0.215,0.152
460,29,Brahui  ,0.18,0.188,0.446,0.186
461,31,Brahui  ,0.288,0.236,0.283,0.193
462,33,Brahui  ,0.123,0.258,0.509,0.111
463,35,Brahui  ,0.156,0.554,0.145,0.145
464,37,Brahui  ,0.205,0.213,0.289,0.294
465,39,Brahui  ,0.137,0.421,0.351,0.09
466,41,Brahui  ,0.304,0.31,0.158,0.229
467,43,Brahui  ,0.297,0.227,0.205,0.271
468,45,Brahui  ,0.126,0.643,0.086,0.145
469,47,Brahui  ,0.224,0.408,0.245,0.124
470,49,Brahui  ,0.148,0.274,0.283,0.296
471,130,Makrani  ,0.198,0.513,0.146,0.143
472,131,Makrani  ,0.168,0.248,0.317,0.267
473,133,Makrani  ,0.14,0.415,0.171,0.274
474,134,Makrani  ,0.159,0.364,0.322,0.154
475,135,Makrani  ,0.205,0.389,0.148,0.258
476,136,Makrani  ,0.126,0.264,0.302,0.308
477,137,Makrani  ,0.31,0.409,0.135,0.145
478,139,Makrani  ,0.153,0.555,0.203,0.089
479,140,Makrani  ,0.263,0.233,0.25,0.254
480,141,Makrani  ,0.161,0.212,0.421,0.206
481,143,Makrani  ,0.383,0.152,0.246,0.219
482,144,Makrani  ,0.22,0.297,0.147,0.336
483,145,Makrani  ,0.302,0.265,0.154,0.278
484,146,Makrani  ,0.112,0.126,0.648,0.114
485,148,Makrani  ,0.498,0.124,0.202,0.176
486,149,Makrani  ,0.404,0.197,0.273,0.126
487,150,Makrani  ,0.515,0.151,0.223,0.111
488,151,Makrani  ,0.355,0.263,0.266,0.116
489,153,Makrani  ,0.398,0.231,0.197,0.174
490,154,Makrani  ,0.172,0.261,0.266,0.301
491,155,Makrani  ,0.105,0.354,0.113,0.428
492,157,Makrani  ,0.114,0.304,0.419,0.164
493,158,Makrani  ,0.085,0.723,0.1,0.093
494,160,Makrani  ,0.155,0.262,0.228,0.356
495,161,Makrani  ,0.382,0.215,0.263,0.14
496,213,Pathan  ,0.13,0.2,0.316,0.354
497,214,Pathan  ,0.244,0.39,0.179,0.186
498,216,Pathan  ,0.362,0.195,0.16,0.284
499,218,Pathan  ,0.353,0.382,0.154,0.111
500,222,Pathan  ,0.116,0.298,0.153,0.433
501,224,Pathan  ,0.141,0.442,0.309,0.108
502,226,Pathan  ,0.148,0.278,0.227,0.347
503,228,Pathan  ,0.218,0.529,0.111,0.143
504,230,Pathan  ,0.156,0.215,0.23,0.399
505,232,Pathan  ,0.13,0.469,0.267,0.134
506,234,Pathan  ,0.285,0.393,0.191,0.131
507,237,Pathan  ,0.3,0.341,0.153,0.207
508,239,Pathan  ,0.394,0.099,0.257,0.25
509,241,Pathan  ,0.242,0.425,0.184,0.149
510,243,Pathan  ,0.173,0.359,0.184,0.284
511,247,Pathan  ,0.313,0.328,0.237,0.121
512,248,Pathan  ,0.267,0.376,0.237,0.12
513,251,Pathan  ,0.149,0.467,0.145,0.238
514,254,Pathan  ,0.208,0.499,0.159,0.135
515,258,Pathan  ,0.196,0.313,0.141,0.35
516,259,Pathan  ,0.314,0.13,0.401,0.155
517,262,Pathan  ,0.229,0.28,0.246,0.245
518,264,Pathan  ,0.173,0.437,0.169,0.222
519,163,Sindhi  ,0.164,0.313,0.216,0.307
520,165,Sindhi  ,0.107,0.629,0.114,0.15
521,167,Sindhi  ,0.174,0.302,0.34,0.184
522,169,Sindhi  ,0.115,0.232,0.204,0.449
523,171,Sindhi  ,0.101,0.494,0.249,0.156
524,173,Sindhi  ,0.187,0.438,0.21,0.165
525,177,Sindhi  ,0.326,0.217,0.279,0.178
526,179,Sindhi  ,0.161,0.296,0.243,0.301
527,181,Sindhi  ,0.113,0.251,0.195,0.441
528,183,Sindhi  ,0.105,0.382,0.288,0.225
529,185,Sindhi  ,0.155,0.217,0.54,0.088
530,187,Sindhi  ,0.165,0.35,0.167,0.318
531,189,Sindhi  ,0.249,0.354,0.319,0.078
532,191,Sindhi  ,0.09,0.53,0.088,0.292
533,192,Sindhi  ,0.238,0.325,0.169,0.268
534,195,Sindhi  ,0.102,0.232,0.472,0.194
535,197,Sindhi  ,0.138,0.34,0.271,0.251
536,199,Sindhi  ,0.219,0.495,0.154,0.131
537,201,Sindhi  ,0.301,0.192,0.397,0.11
538,203,Sindhi  ,0.124,0.462,0.237,0.178
539,205,Sindhi  ,0.104,0.408,0.261,0.227
540,206,Sindhi  ,0.157,0.372,0.221,0.251
541,208,Sindhi  ,0.181,0.257,0.142,0.42
542,210,Sindhi  ,0.126,0.438,0.237,0.199
543,336,Burusho  ,0.419,0.126,0.245,0.21
544,338,Burusho  ,0.239,0.334,0.298,0.129
545,341,Burusho  ,0.341,0.182,0.359,0.117
546,346,Burusho  ,0.15,0.408,0.286,0.155
547,351,Burusho  ,0.275,0.224,0.35,0.151
548,356,Burusho  ,0.177,0.389,0.284,0.15
549,359,Burusho  ,0.183,0.152,0.502,0.163
550,364,Burusho  ,0.409,0.224,0.176,0.191
551,371,Burusho  ,0.2,0.223,0.231,0.346
552,372,Burusho  ,0.22,0.263,0.267,0.25
553,376,Burusho  ,0.2,0.314,0.37,0.116
554,382,Burusho  ,0.37,0.154,0.168,0.308
555,388,Burusho  ,0.183,0.47,0.244,0.103
556,392,Burusho  ,0.254,0.465,0.096,0.185
557,397,Burusho  ,0.136,0.363,0.227,0.274
558,402,Burusho  ,0.326,0.282,0.277,0.115
559,407,Burusho  ,0.296,0.398,0.176,0.131
560,412,Burusho  ,0.36,0.172,0.145,0.323
561,417,Burusho  ,0.234,0.368,0.194,0.203
562,423,Burusho  ,0.132,0.317,0.271,0.28
563,428,Burusho  ,0.144,0.169,0.341,0.346
564,433,Burusho  ,0.158,0.234,0.333,0.274
565,438,Burusho  ,0.147,0.149,0.359,0.345
566,444,Burusho  ,0.263,0.26,0.232,0.246
567,445,Burusho  ,0.105,0.085,0.347,0.462
568,99,Hazara  ,0.105,0.267,0.174,0.454
569,100,Hazara  ,0.256,0.197,0.381,0.166
570,102,Hazara  ,0.15,0.176,0.393,0.281
571,103,Hazara  ,0.299,0.162,0.348,0.191
572,104,Hazara  ,0.235,0.191,0.301,0.272
573,105,Hazara  ,0.217,0.185,0.398,0.2
574,106,Hazara  ,0.298,0.199,0.298,0.205
575,108,Hazara  ,0.495,0.261,0.155,0.09
576,109,Hazara  ,0.294,0.173,0.45,0.083
577,110,Hazara  ,0.225,0.138,0.51,0.127
578,112,Hazara  ,0.115,0.151,0.35,0.384
579,113,Hazara  ,0.179,0.307,0.315,0.199
580,115,Hazara  ,0.217,0.247,0.247,0.289
581,116,Hazara  ,0.18,0.287,0.227,0.306
582,118,Hazara  ,0.206,0.092,0.412,0.29
583,119,Hazara  ,0.14,0.423,0.201,0.236
584,120,Hazara  ,0.209,0.3,0.345,0.147
585,121,Hazara  ,0.26,0.328,0.278,0.134
586,122,Hazara  ,0.277,0.191,0.413,0.119
587,124,Hazara  ,0.121,0.107,0.435,0.337
588,125,Hazara  ,0.25,0.167,0.246,0.338
589,127,Hazara  ,0.181,0.31,0.257,0.252
590,128,Hazara  ,0.254,0.172,0.263,0.312
591,129,Hazara  ,0.282,0.135,0.354,0.229
592,1297,Uygur  ,0.18,0.233,0.437,0.149
593,1298,Uygur  ,0.166,0.338,0.196,0.3
594,1299,Uygur  ,0.42,0.155,0.31,0.115
595,1300,Uygur  ,0.134,0.311,0.261,0.294
596,1301,Uygur  ,0.164,0.218,0.244,0.373
597,1302,Uygur  ,0.175,0.332,0.365,0.127
598,1303,Uygur  ,0.237,0.265,0.1,0.398
599,1304,Uygur  ,0.241,0.203,0.253,0.303
600,1305,Uygur  ,0.215,0.156,0.397,0.232
601,1306,Uygur  ,0.218,0.255,0.146,0.381
602,267,Kalash  ,0.561,0.122,0.222,0.095
603,274,Kalash  ,0.081,0.448,0.3,0.171
604,277,Kalash  ,0.181,0.254,0.356,0.209
605,279,Kalash  ,0.241,0.154,0.469,0.136
606,281,Kalash  ,0.272,0.145,0.282,0.301
607,285,Kalash  ,0.182,0.468,0.242,0.109
608,286,Kalash  ,0.192,0.393,0.203,0.213
609,288,Kalash  ,0.158,0.296,0.42,0.126
610,290,Kalash  ,0.215,0.225,0.399,0.161
611,292,Kalash  ,0.147,0.315,0.448,0.089
612,298,Kalash  ,0.115,0.327,0.337,0.221
613,302,Kalash  ,0.257,0.175,0.293,0.276
614,304,Kalash  ,0.25,0.368,0.298,0.085
615,307,Kalash  ,0.132,0.132,0.362,0.375
616,309,Kalash  ,0.155,0.314,0.165,0.366
617,311,Kalash  ,0.185,0.22,0.306,0.289
618,313,Kalash  ,0.128,0.283,0.319,0.27
619,315,Kalash  ,0.141,0.188,0.29,0.381
620,319,Kalash  ,0.112,0.45,0.194,0.244
621,321,Kalash  ,0.172,0.372,0.295,0.161
622,323,Kalash  ,0.388,0.361,0.158,0.093
623,326,Kalash  ,0.291,0.289,0.255,0.164
624,328,Kalash  ,0.102,0.364,0.286,0.248
625,330,Kalash  ,0.104,0.461,0.182,0.253
626,333,Kalash  ,0.254,0.275,0.354,0.117
627,774,Han  ,0.176,0.131,0.584,0.109
628,775,Han  ,0.165,0.231,0.411,0.193
629,776,Han  ,0.32,0.368,0.209,0.103
630,777,Han  ,0.274,0.126,0.473,0.127
631,778,Han  ,0.193,0.182,0.386,0.24
632,779,Han  ,0.338,0.117,0.357,0.189
633,780,Han  ,0.181,0.133,0.531,0.155
634,781,Han  ,0.128,0.098,0.493,0.281
635,782,Han  ,0.111,0.112,0.56,0.217
636,783,Han  ,0.134,0.14,0.621,0.106
637,784,Han  ,0.12,0.225,0.382,0.273
638,785,Han  ,0.498,0.07,0.255,0.177
639,786,Han  ,0.099,0.159,0.354,0.388
640,811,Han  ,0.25,0.145,0.325,0.28
641,812,Han  ,0.149,0.115,0.555,0.181
642,813,Han  ,0.297,0.094,0.486,0.124
643,814,Han  ,0.157,0.121,0.553,0.169
644,815,Han  ,0.195,0.135,0.472,0.197
645,817,Han  ,0.192,0.084,0.61,0.114
646,818,Han  ,0.218,0.121,0.47,0.19
647,819,Han  ,0.099,0.13,0.631,0.14
648,820,Han  ,0.117,0.104,0.543,0.236
649,821,Han  ,0.205,0.101,0.59,0.104
650,822,Han  ,0.127,0.133,0.5,0.24
651,971,Han  ,0.216,0.241,0.364,0.178
652,972,Han  ,0.499,0.137,0.287,0.076
653,973,Han  ,0.421,0.113,0.318,0.148
654,974,Han  ,0.121,0.139,0.656,0.084
655,975,Han  ,0.558,0.089,0.232,0.122
656,976,Han  ,0.221,0.18,0.452,0.147
657,977,Han  ,0.259,0.129,0.452,0.159
658,1021,Han  ,0.296,0.134,0.376,0.194
659,1023,Han  ,0.193,0.37,0.227,0.21
660,1024,Han  ,0.359,0.206,0.349,0.086
661,1287,Han (N. China),0.248,0.147,0.424,0.18
662,1288,Han (N. China),0.12,0.181,0.554,0.144
663,1289,Han (N. China),0.127,0.157,0.623,0.093
664,1290,Han (N. China),0.341,0.23,0.32,0.109
665,1291,Han (N. China),0.189,0.427,0.176,0.208
666,1292,Han (N. China),0.131,0.18,0.395,0.295
667,1293,Han (N. China),0.209,0.203,0.497,0.091
668,1294,Han (N. China),0.184,0.424,0.211,0.182
669,1295,Han (N. China),0.151,0.113,0.49,0.245
670,1296,Han (N. China),0.283,0.106,0.311,0.301
671,1307,Dai  ,0.25,0.239,0.259,0.251
672,1308,Dai  ,0.135,0.197,0.553,0.115
673,1309,Dai  ,0.182,0.206,0.223,0.388
674,1310,Dai  ,0.118,0.386,0.308,0.189
675,1311,Dai  ,0.37,0.118,0.372,0.14
676,1312,Dai  ,0.185,0.184,0.507,0.123
677,1313,Dai  ,0.153,0.224,0.463,0.16
678,1314,Dai  ,0.168,0.19,0.418,0.224
679,1315,Dai  ,0.405,0.15,0.302,0.143
680,1316,Dai  ,0.196,0.201,0.436,0.167
681,1213,Daur  ,0.251,0.323,0.323,0.103
682,1214,Daur  ,0.326,0.095,0.396,0.183
683,1215,Daur  ,0.109,0.175,0.504,0.212
684,1216,Daur  ,0.115,0.412,0.222,0.252
685,1217,Daur  ,0.199,0.112,0.52,0.169
686,1218,Daur  ,0.19,0.285,0.188,0.338
687,1220,Daur  ,0.223,0.217,0.304,0.256
688,1221,Daur  ,0.52,0.121,0.254,0.106
689,1222,Daur  ,0.219,0.118,0.491,0.172
690,1233,Hezhen  ,0.268,0.168,0.369,0.195
691,1234,Hezhen  ,0.228,0.177,0.341,0.254
692,1236,Hezhen  ,0.218,0.224,0.437,0.122
693,1237,Hezhen  ,0.366,0.238,0.255,0.141
694,1238,Hezhen  ,0.15,0.095,0.603,0.152
695,1239,Hezhen  ,0.204,0.2,0.348,0.248
696,1240,Hezhen  ,0.353,0.089,0.449,0.108
697,1241,Hezhen  ,0.251,0.244,0.345,0.159
698,1242,Hezhen  ,0.099,0.219,0.427,0.255
699,1317,Lahu  ,0.335,0.117,0.267,0.28
700,1318,Lahu  ,0.184,0.204,0.336,0.276
701,1319,Lahu  ,0.356,0.251,0.261,0.133
702,1320,Lahu  ,0.313,0.154,0.301,0.232
703,1321,Lahu  ,0.148,0.331,0.27,0.251
704,1322,Lahu  ,0.128,0.259,0.261,0.352
705,1323,Lahu  ,0.252,0.173,0.348,0.227
706,1324,Lahu  ,0.391,0.109,0.354,0.147
707,1325,Lahu  ,0.144,0.241,0.297,0.319
708,1326,Lahu  ,0.353,0.11,0.146,0.391
709,1189,Miao  ,0.275,0.163,0.389,0.173
710,1190,Miao  ,0.225,0.182,0.317,0.276
711,1191,Miao  ,0.489,0.118,0.204,0.189
712,1192,Miao  ,0.131,0.277,0.393,0.199
713,1193,Miao  ,0.42,0.171,0.29,0.118
714,1194,Miao  ,0.229,0.121,0.424,0.226
715,1195,Miao  ,0.334,0.089,0.33,0.246
716,1196,Miao  ,0.336,0.211,0.251,0.203
717,1197,Miao  ,0.432,0.211,0.247,0.109
718,1198,Miao  ,0.122,0.078,0.518,0.281
719,1203,Oroqen  ,0.18,0.111,0.597,0.112
720,1204,Oroqen  ,0.258,0.188,0.418,0.136
721,1205,Oroqen  ,0.188,0.195,0.308,0.309
722,1206,Oroqen  ,0.143,0.141,0.344,0.372
723,1207,Oroqen  ,0.275,0.217,0.374,0.134
724,1208,Oroqen  ,0.307,0.087,0.386,0.22
725,1209,Oroqen  ,0.262,0.154,0.26,0.324
726,1210,Oroqen  ,0.142,0.164,0.568,0.126
727,1211,Oroqen  ,0.223,0.187,0.427,0.163
728,1212,Oroqen  ,0.152,0.226,0.353,0.27
729,1327,She  ,0.461,0.105,0.28,0.154
730,1328,She  ,0.358,0.224,0.243,0.174
731,1329,She  ,0.164,0.14,0.484,0.213
732,1330,She  ,0.201,0.163,0.484,0.151
733,1331,She  ,0.247,0.209,0.304,0.24
734,1332,She  ,0.203,0.283,0.183,0.331
735,1333,She  ,0.268,0.213,0.331,0.187
736,1334,She  ,0.144,0.165,0.46,0.23
737,1335,She  ,0.364,0.092,0.194,0.35
738,1336,She  ,0.344,0.146,0.429,0.081
739,1095,Tujia  ,0.151,0.202,0.486,0.161
740,1096,Tujia  ,0.174,0.268,0.396,0.162
741,1097,Tujia  ,0.603,0.114,0.167,0.116
742,1098,Tujia  ,0.481,0.166,0.28,0.074
743,1099,Tujia  ,0.165,0.083,0.59,0.162
744,1100,Tujia  ,0.218,0.139,0.51,0.133
745,1101,Tujia  ,0.152,0.218,0.291,0.34
746,1102,Tujia  ,0.128,0.12,0.634,0.119
747,1103,Tujia  ,0.192,0.217,0.505,0.085
748,1104,Tujia  ,0.12,0.12,0.676,0.084
749,1347,Tu  ,0.123,0.243,0.464,0.169
750,1348,Tu  ,0.352,0.171,0.37,0.106
751,1349,Tu  ,0.1,0.13,0.242,0.528
752,1350,Tu  ,0.47,0.13,0.234,0.166
753,1351,Tu  ,0.283,0.235,0.205,0.276
754,1352,Tu  ,0.121,0.14,0.528,0.212
755,1353,Tu  ,0.163,0.205,0.405,0.226
756,1354,Tu  ,0.309,0.195,0.397,0.099
757,1355,Tu  ,0.232,0.329,0.211,0.228
758,1356,Tu  ,0.339,0.129,0.41,0.122
759,1243,Xibo  ,0.218,0.184,0.337,0.261
760,1244,Xibo  ,0.284,0.175,0.142,0.399
761,1245,Xibo  ,0.171,0.112,0.576,0.141
762,1246,Xibo  ,0.166,0.099,0.553,0.182
763,1247,Xibo  ,0.138,0.108,0.562,0.192
764,1248,Xibo  ,0.211,0.16,0.493,0.137
765,1249,Xibo  ,0.149,0.413,0.27,0.167
766,1250,Xibo  ,0.125,0.275,0.341,0.259
767,1251,Xibo  ,0.155,0.206,0.46,0.18
768,1179,Yi  ,0.224,0.195,0.14,0.441
769,1180,Yi  ,0.337,0.217,0.261,0.185
770,1181,Yi  ,0.335,0.129,0.255,0.281
771,1182,Yi  ,0.254,0.173,0.359,0.214
772,1183,Yi  ,0.42,0.161,0.298,0.121
773,1184,Yi  ,0.417,0.162,0.259,0.161
774,1185,Yi  ,0.226,0.242,0.266,0.266
775,1186,Yi  ,0.247,0.137,0.408,0.208
776,1187,Yi  ,0.197,0.252,0.411,0.14
777,1188,Yi  ,0.325,0.105,0.344,0.226
778,1223,Mongola  ,0.255,0.157,0.255,0.332
779,1224,Mongola  ,0.24,0.13,0.373,0.256
780,1225,Mongola  ,0.218,0.232,0.345,0.205
781,1226,Mongola  ,0.324,0.14,0.44,0.096
782,1227,Mongola  ,0.166,0.14,0.55,0.144
783,1228,Mongola  ,0.362,0.215,0.199,0.224
784,1229,Mongola  ,0.342,0.242,0.338,0.077
785,1230,Mongola  ,0.199,0.129,0.524,0.148
786,1231,Mongola  ,0.298,0.15,0.393,0.159
787,1232,Mongola  ,0.208,0.175,0.457,0.159
788,1337,Naxi  ,0.121,0.253,0.226,0.4
789,1338,Naxi  ,0.151,0.31,0.252,0.286
790,1340,Naxi  ,0.305,0.292,0.157,0.246
791,1341,Naxi  ,0.426,0.089,0.16,0.326
792,1342,Naxi  ,0.198,0.182,0.211,0.408
793,1343,Naxi  ,0.13,0.353,0.29,0.227
794,1345,Naxi  ,0.172,0.442,0.176,0.21
795,1346,Naxi  ,0.268,0.318,0.149,0.265
796,711,Cambodian  ,0.145,0.203,0.331,0.321
797,712,Cambodian  ,0.218,0.291,0.276,0.215
798,713,Cambodian  ,0.518,0.107,0.212,0.163
799,714,Cambodian  ,0.341,0.206,0.254,0.199
800,715,Cambodian  ,0.314,0.184,0.187,0.315
801,716,Cambodian  ,0.601,0.1,0.149,0.149
802,717,Cambodian  ,0.41,0.266,0.2,0.124
803,718,Cambodian  ,0.487,0.075,0.361,0.077
804,719,Cambodian  ,0.207,0.277,0.326,0.19
805,720,Cambodian  ,0.169,0.217,0.338,0.276
806,721,Cambodian  ,0.147,0.168,0.462,0.222
807,747,Japanese  ,0.206,0.097,0.541,0.156
808,748,Japanese  ,0.163,0.078,0.67,0.089
809,749,Japanese  ,0.168,0.14,0.446,0.245
810,750,Japanese  ,0.207,0.135,0.351,0.307
811,751,Japanese  ,0.152,0.18,0.268,0.399
812,752,Japanese  ,0.298,0.15,0.407,0.146
813,753,Japanese  ,0.243,0.108,0.233,0.415
814,754,Japanese  ,0.258,0.145,0.413,0.183
815,755,Japanese  ,0.362,0.146,0.386,0.106
816,756,Japanese  ,0.485,0.103,0.135,0.278
817,757,Japanese  ,0.238,0.22,0.336,0.206
818,758,Japanese  ,0.365,0.116,0.412,0.107
819,759,Japanese  ,0.479,0.114,0.195,0.211
820,760,Japanese  ,0.401,0.121,0.38,0.098
821,761,Japanese  ,0.157,0.152,0.368,0.322
822,762,Japanese  ,0.193,0.191,0.507,0.109
823,763,Japanese  ,0.425,0.117,0.23,0.228
824,764,Japanese  ,0.413,0.221,0.257,0.109
825,765,Japanese  ,0.357,0.104,0.326,0.212
826,766,Japanese  ,0.603,0.088,0.238,0.071
827,767,Japanese  ,0.31,0.129,0.227,0.335
828,768,Japanese  ,0.187,0.32,0.147,0.345
829,769,Japanese  ,0.273,0.111,0.512,0.104
830,771,Japanese  ,0.417,0.095,0.343,0.145
831,772,Japanese  ,0.109,0.127,0.584,0.18
832,773,Japanese  ,0.192,0.162,0.461,0.185
833,790,Japanese  ,0.233,0.122,0.491,0.154
834,791,Japanese  ,0.158,0.163,0.444,0.235
835,828,Japanese  ,0.295,0.111,0.457,0.138
836,945,Yakut  ,0.277,0.131,0.386,0.206
837,946,Yakut  ,0.216,0.164,0.313,0.306
838,947,Yakut  ,0.154,0.171,0.301,0.373
839,948,Yakut  ,0.223,0.18,0.38,0.218
840,949,Yakut  ,0.291,0.171,0.238,0.299
841,950,Yakut  ,0.201,0.327,0.291,0.181
842,951,Yakut  ,0.299,0.159,0.15,0.393
843,952,Yakut  ,0.279,0.198,0.354,0.168
844,953,Yakut  ,0.211,0.182,0.469,0.138
845,954,Yakut  ,0.163,0.245,0.389,0.203
846,955,Yakut  ,0.184,0.279,0.25,0.287
847,956,Yakut  ,0.373,0.189,0.204,0.235
848,957,Yakut  ,0.208,0.27,0.356,0.165
849,958,Yakut  ,0.134,0.169,0.567,0.13
850,959,Yakut  ,0.205,0.107,0.45,0.239
851,960,Yakut  ,0.213,0.137,0.273,0.377
852,961,Yakut  ,0.164,0.122,0.449,0.265
853,962,Yakut  ,0.155,0.17,0.367,0.308
854,963,Yakut  ,0.128,0.163,0.546,0.164
855,964,Yakut  ,0.241,0.085,0.402,0.272
856,965,Yakut  ,0.17,0.142,0.461,0.227
857,966,Yakut  ,0.149,0.206,0.419,0.226
858,967,Yakut  ,0.363,0.203,0.321,0.114
859,968,Yakut  ,0.385,0.151,0.293,0.171
860,969,Yakut  ,0.14,0.27,0.386,0.205
861,490,Melanesian  ,0.271,0.195,0.419,0.114
862,491,Melanesian  ,0.155,0.117,0.62,0.108
863,655,Melanesian  ,0.467,0.14,0.307,0.087
864,656,Melanesian  ,0.235,0.218,0.399,0.148
865,657,Melanesian  ,0.273,0.128,0.435,0.165
866,658,Melanesian  ,0.286,0.133,0.379,0.203
867,660,Melanesian  ,0.286,0.107,0.372,0.235
868,661,Melanesian  ,0.205,0.111,0.591,0.094
869,663,Melanesian  ,0.177,0.254,0.425,0.145
870,664,Melanesian  ,0.29,0.157,0.347,0.205
871,787,Melanesian  ,0.19,0.13,0.528,0.153
872,788,Melanesian  ,0.512,0.153,0.193,0.142
873,789,Melanesian  ,0.279,0.106,0.338,0.277
874,823,Melanesian  ,0.329,0.244,0.322,0.105
875,824,Melanesian  ,0.376,0.183,0.32,0.121
876,825,Melanesian  ,0.164,0.107,0.578,0.151
877,978,Melanesian  ,0.24,0.13,0.374,0.257
878,1027,Melanesian  ,0.266,0.223,0.392,0.119
879,540,Papuan  ,0.364,0.266,0.172,0.198
880,541,Papuan  ,0.295,0.136,0.155,0.414
881,542,Papuan  ,0.284,0.104,0.429,0.183
882,543,Papuan  ,0.269,0.266,0.249,0.216
883,544,Papuan  ,0.276,0.253,0.168,0.302
884,545,Papuan  ,0.205,0.166,0.153,0.476
885,546,Papuan  ,0.179,0.172,0.396,0.252
886,547,Papuan  ,0.258,0.324,0.33,0.089
887,548,Papuan  ,0.179,0.159,0.377,0.284
888,549,Papuan  ,0.193,0.198,0.174,0.435
889,550,Papuan  ,0.237,0.112,0.563,0.088
890,551,Papuan  ,0.524,0.115,0.23,0.13
891,552,Papuan  ,0.254,0.095,0.374,0.277
892,553,Papuan  ,0.33,0.151,0.277,0.242
893,554,Papuan  ,0.303,0.211,0.174,0.312
894,555,Papuan  ,0.103,0.079,0.137,0.68
895,556,Papuan  ,0.304,0.292,0.143,0.261
896,995,Karitiana  ,0.101,0.089,0.113,0.697
897,996,Karitiana  ,0.121,0.093,0.114,0.672
898,997,Karitiana  ,0.098,0.129,0.148,0.625
899,998,Karitiana  ,0.083,0.086,0.117,0.714
900,1000,Karitiana  ,0.085,0.085,0.116,0.715
901,1001,Karitiana  ,0.093,0.094,0.147,0.666
902,1003,Karitiana  ,0.141,0.146,0.168,0.545
903,1004,Karitiana  ,0.062,0.07,0.107,0.762
904,1005,Karitiana  ,0.091,0.078,0.191,0.64
905,1007,Karitiana  ,0.055,0.074,0.085,0.785
906,1008,Karitiana  ,0.082,0.083,0.167,0.667
907,1009,Karitiana  ,0.093,0.133,0.178,0.596
908,1010,Karitiana  ,0.088,0.087,0.14,0.685
909,1011,Karitiana  ,0.069,0.061,0.113,0.757
910,1016,Karitiana  ,0.101,0.132,0.187,0.58
911,1017,Karitiana  ,0.09,0.09,0.175,0.645
912,830,Surui  ,0.06,0.071,0.055,0.814
913,832,Surui  ,0.082,0.092,0.083,0.743
914,833,Surui  ,0.083,0.082,0.098,0.737
915,834,Surui  ,0.063,0.064,0.093,0.78
916,835,Surui  ,0.07,0.076,0.134,0.72
917,839,Surui  ,0.079,0.081,0.078,0.763
918,840,Surui  ,0.07,0.066,0.073,0.791
919,841,Surui  ,0.09,0.092,0.083,0.736
920,842,Surui  ,0.065,0.078,0.073,0.784
921,844,Surui  ,0.063,0.062,0.073,0.802
922,847,Surui  ,0.09,0.076,0.121,0.714
923,848,Surui  ,0.074,0.076,0.065,0.785
924,850,Surui  ,0.156,0.105,0.163,0.576
925,851,Surui  ,0.055,0.06,0.067,0.818
926,703,Colombian  ,0.08,0.322,0.206,0.392
927,704,Colombian  ,0.097,0.097,0.164,0.643
928,705,Colombian  ,0.118,0.106,0.148,0.627
929,706,Colombian  ,0.11,0.111,0.194,0.586
930,707,Colombian  ,0.065,0.07,0.104,0.762
931,708,Colombian  ,0.094,0.1,0.093,0.712
932,709,Colombian  ,0.072,0.107,0.129,0.692
933,710,Colombian  ,0.1,0.172,0.183,0.546
934,792,Colombian  ,0.159,0.152,0.172,0.517
935,793,Colombian  ,0.113,0.173,0.246,0.468
936,827,Colombian  ,0.07,0.083,0.114,0.733
937,970,Colombian  ,0.099,0.115,0.158,0.628
938,857,Maya  ,0.229,0.113,0.192,0.466
939,859,Maya  ,0.102,0.147,0.168,0.582
940,861,Maya  ,0.139,0.227,0.207,0.428
941,862,Maya  ,0.093,0.115,0.158,0.633
942,864,Maya  ,0.083,0.101,0.116,0.699
943,865,Maya  ,0.134,0.143,0.21,0.513
944,866,Maya  ,0.25,0.148,0.152,0.45
945,867,Maya  ,0.107,0.105,0.161,0.628
946,869,Maya  ,0.155,0.283,0.19,0.372
947,870,Maya  ,0.313,0.109,0.241,0.337
948,871,Maya  ,0.172,0.141,0.161,0.526
949,872,Maya  ,0.18,0.172,0.178,0.47
950,873,Maya  ,0.125,0.109,0.362,0.404
951,874,Maya  ,0.085,0.08,0.165,0.669
952,875,Maya  ,0.118,0.069,0.318,0.495
953,876,Maya  ,0.138,0.16,0.145,0.557
954,877,Maya  ,0.26,0.106,0.155,0.479
955,878,Maya  ,0.119,0.123,0.141,0.617
956,1037,Pima  ,0.1,0.36,0.192,0.348
957,1038,Pima  ,0.103,0.133,0.106,0.658
958,1039,Pima  ,0.082,0.288,0.109,0.522
959,1040,Pima  ,0.105,0.389,0.11,0.396
960,1041,Pima  ,0.079,0.096,0.076,0.749
961,1043,Pima  ,0.112,0.169,0.131,0.588
962,1044,Pima  ,0.112,0.207,0.154,0.527
963,1045,Pima  ,0.129,0.223,0.176,0.472
964,1046,Pima  ,0.103,0.167,0.14,0.591
