individual,Sample,population,orange,blue,red,green
1,993,Bantu (S. Africa),0.212,0.26,0.312,0.217
2,1028,Bantu (S. Africa),0.362,0.206,0.184,0.248
3,1030,Bantu (S. Africa),0.197,0.253,0.263,0.288
4,1031,Bantu (S. Africa),0.188,0.275,0.272,0.265
5,1033,Bantu (S. Africa),0.347,0.226,0.228,0.199
6,1034,Bantu (S. Africa),0.255,0.267,0.241,0.238
7,1035,Bantu (S. Africa),0.264,0.247,0.236,0.253
8,1405,Bantu (Kenya) ,0.186,0.265,0.282,0.267
9,1406,Bantu (Kenya) ,0.38,0.229,0.166,0.225
10,1408,Bantu (Kenya) ,0.203,0.258,0.225,0.314
11,1411,Bantu (Kenya) ,0.233,0.281,0.214,0.272
12,1412,Bantu (Kenya) ,0.215,0.256,0.296,0.233
13,1413,Bantu (Kenya) ,0.264,0.266,0.222,0.247
14,1414,Bantu (Kenya) ,0.281,0.242,0.259,0.218
15,1415,Bantu (Kenya) ,0.173,0.29,0.215,0.322
16,1416,Bantu (Kenya) ,0.206,0.28,0.285,0.229
17,1417,Bantu (Kenya) ,0.186,0.268,0.191,0.354
18,1418,Bantu (Kenya) ,0.357,0.23,0.193,0.22
19,1419,Bantu (Kenya) ,0.282,0.249,0.241,0.228
20,904,Mandenka  ,0.263,0.265,0.252,0.221
21,905,Mandenka  ,0.256,0.271,0.228,0.246
22,907,Mandenka  ,0.199,0.254,0.249,0.298
23,908,Mandenka  ,0.462,0.165,0.184,0.188
24,909,Mandenka  ,0.233,0.249,0.252,0.266
25,910,Mandenka  ,0.212,0.283,0.24,0.265
26,912,Mandenka  ,0.162,0.246,0.35,0.242
27,914,Mandenka  ,0.256,0.243,0.252,0.249
28,915,Mandenka  ,0.204,0.275,0.232,0.289
29,916,Mandenka  ,0.353,0.233,0.219,0.195
30,917,Mandenka  ,0.226,0.266,0.242,0.266
31,918,Mandenka  ,0.315,0.226,0.219,0.24
32,919,Mandenka  ,0.231,0.245,0.284,0.24
33,1199,Mandenka  ,0.353,0.216,0.221,0.21
34,1200,Mandenka  ,0.315,0.242,0.198,0.246
35,1201,Mandenka  ,0.203,0.235,0.261,0.301
36,1202,Mandenka  ,0.216,0.243,0.246,0.296
37,1283,Mandenka  ,0.17,0.252,0.322,0.256
38,1284,Mandenka  ,0.237,0.237,0.253,0.273
39,1285,Mandenka  ,0.193,0.26,0.275,0.272
40,1286,Mandenka  ,0.244,0.243,0.249,0.264
41,920,Yoruba  ,0.179,0.247,0.304,0.271
42,921,Yoruba  ,0.198,0.267,0.288,0.247
43,922,Yoruba  ,0.209,0.275,0.278,0.238
44,923,Yoruba  ,0.305,0.237,0.272,0.186
45,924,Yoruba  ,0.223,0.26,0.25,0.267
46,925,Yoruba  ,0.236,0.262,0.289,0.213
47,926,Yoruba  ,0.207,0.28,0.237,0.275
48,927,Yoruba  ,0.331,0.205,0.177,0.287
49,928,Yoruba  ,0.254,0.269,0.243,0.234
50,929,Yoruba  ,0.431,0.187,0.208,0.175
51,930,Yoruba  ,0.226,0.27,0.252,0.252
52,931,Yoruba  ,0.263,0.257,0.258,0.222
53,932,Yoruba  ,0.26,0.237,0.254,0.249
54,933,Yoruba  ,0.269,0.267,0.208,0.255
55,934,Yoruba  ,0.241,0.239,0.275,0.244
56,935,Yoruba  ,0.233,0.246,0.175,0.346
57,936,Yoruba  ,0.202,0.239,0.298,0.261
58,937,Yoruba  ,0.172,0.287,0.234,0.307
59,938,Yoruba  ,0.241,0.228,0.326,0.205
60,940,Yoruba  ,0.322,0.224,0.24,0.214
61,941,Yoruba  ,0.191,0.277,0.265,0.267
62,942,Yoruba  ,0.27,0.249,0.264,0.217
63,943,Yoruba  ,0.409,0.199,0.191,0.201
64,988,San  ,0.306,0.247,0.255,0.192
65,448,Biaka Pygmy ,0.204,0.25,0.238,0.307
66,451,Biaka Pygmy ,0.323,0.192,0.248,0.238
67,473,Biaka Pygmy ,0.233,0.248,0.263,0.255
68,475,Biaka Pygmy ,0.233,0.252,0.226,0.29
69,477,Biaka Pygmy ,0.223,0.261,0.251,0.265
70,479,Biaka Pygmy ,0.291,0.242,0.284,0.183
71,985,Biaka Pygmy ,0.213,0.279,0.221,0.287
72,986,Biaka Pygmy ,0.24,0.26,0.196,0.304
73,1084,Biaka Pygmy ,0.266,0.249,0.257,0.229
74,1085,Biaka Pygmy ,0.275,0.25,0.223,0.252
75,1086,Biaka Pygmy ,0.305,0.239,0.201,0.255
76,1088,Biaka Pygmy ,0.267,0.266,0.245,0.221
77,1089,Biaka Pygmy ,0.238,0.239,0.302,0.221
78,1090,Biaka Pygmy ,0.191,0.291,0.205,0.314
79,1091,Biaka Pygmy ,0.221,0.263,0.275,0.241
80,1093,Biaka Pygmy ,0.218,0.272,0.284,0.226
81,1094,Biaka Pygmy ,0.418,0.213,0.186,0.183
82,449,Mbuti Pygmy ,0.24,0.259,0.236,0.265
83,450,Mbuti Pygmy ,0.209,0.242,0.284,0.264
84,462,Mbuti Pygmy ,0.211,0.297,0.225,0.266
85,463,Mbuti Pygmy ,0.241,0.262,0.28,0.217
86,467,Mbuti Pygmy ,0.205,0.251,0.297,0.247
87,468,Mbuti Pygmy ,0.239,0.246,0.225,0.291
88,471,Mbuti Pygmy ,0.199,0.246,0.281,0.274
89,474,Mbuti Pygmy ,0.305,0.25,0.256,0.189
90,478,Mbuti Pygmy ,0.301,0.245,0.213,0.241
91,982,Mbuti Pygmy ,0.241,0.247,0.245,0.266
92,983,Mbuti Pygmy ,0.286,0.219,0.267,0.228
93,984,Mbuti Pygmy ,0.197,0.282,0.269,0.251
94,1081,Mbuti Pygmy ,0.261,0.277,0.232,0.23
95,794,Orcadian  ,0.17,0.272,0.215,0.343
96,795,Orcadian  ,0.236,0.238,0.293,0.232
97,796,Orcadian  ,0.245,0.236,0.261,0.258
98,797,Orcadian  ,0.18,0.276,0.248,0.296
99,798,Orcadian  ,0.286,0.257,0.247,0.21
100,799,Orcadian  ,0.273,0.241,0.19,0.297
101,800,Orcadian  ,0.353,0.21,0.157,0.28
102,801,Orcadian  ,0.216,0.255,0.299,0.23
103,802,Orcadian  ,0.237,0.253,0.228,0.282
104,803,Orcadian  ,0.202,0.249,0.266,0.283
105,804,Orcadian  ,0.314,0.239,0.257,0.19
106,805,Orcadian  ,0.247,0.262,0.275,0.216
107,806,Orcadian  ,0.237,0.25,0.241,0.272
108,807,Orcadian  ,0.222,0.269,0.273,0.235
109,808,Orcadian  ,0.221,0.238,0.294,0.247
110,810,Orcadian  ,0.261,0.237,0.292,0.211
111,1381,Adygei  ,0.185,0.296,0.217,0.303
112,1382,Adygei  ,0.31,0.238,0.227,0.225
113,1383,Adygei  ,0.275,0.239,0.264,0.222
114,1384,Adygei  ,0.295,0.231,0.261,0.213
115,1385,Adygei  ,0.312,0.245,0.188,0.255
116,1386,Adygei  ,0.211,0.262,0.253,0.273
117,1387,Adygei  ,0.265,0.25,0.277,0.209
118,1388,Adygei  ,0.202,0.22,0.372,0.206
119,1396,Adygei  ,0.382,0.194,0.229,0.195
120,1397,Adygei  ,0.233,0.256,0.258,0.253
121,1398,Adygei  ,0.234,0.266,0.252,0.248
122,1399,Adygei  ,0.193,0.27,0.276,0.261
123,1400,Adygei  ,0.218,0.261,0.269,0.253
124,1401,Adygei  ,0.202,0.278,0.199,0.322
125,1402,Adygei  ,0.228,0.274,0.216,0.283
126,1403,Adygei  ,0.236,0.269,0.276,0.219
127,1404,Adygei  ,0.187,0.252,0.294,0.267
128,879,Russian  ,0.18,0.28,0.22,0.321
129,880,Russian  ,0.277,0.211,0.283,0.229
130,881,Russian  ,0.199,0.236,0.245,0.321
131,882,Russian  ,0.307,0.241,0.232,0.22
132,883,Russian  ,0.186,0.307,0.208,0.299
133,884,Russian  ,0.185,0.284,0.244,0.287
134,885,Russian  ,0.253,0.25,0.308,0.189
135,886,Russian  ,0.2,0.239,0.265,0.296
136,887,Russian  ,0.259,0.272,0.206,0.262
137,888,Russian  ,0.206,0.279,0.234,0.281
138,889,Russian  ,0.32,0.218,0.251,0.212
139,890,Russian  ,0.251,0.262,0.23,0.258
140,891,Russian  ,0.202,0.253,0.287,0.258
141,892,Russian  ,0.219,0.241,0.24,0.301
142,893,Russian  ,0.229,0.265,0.26,0.246
143,894,Russian  ,0.337,0.217,0.263,0.183
144,895,Russian  ,0.262,0.273,0.237,0.228
145,896,Russian  ,0.172,0.25,0.216,0.362
146,897,Russian  ,0.222,0.264,0.261,0.253
147,898,Russian  ,0.261,0.256,0.249,0.234
148,899,Russian  ,0.21,0.259,0.281,0.251
149,900,Russian  ,0.198,0.267,0.259,0.276
150,901,Russian  ,0.196,0.25,0.198,0.356
151,902,Russian  ,0.238,0.26,0.216,0.285
152,903,Russian  ,0.442,0.172,0.212,0.174
153,1357,Basque  ,0.228,0.257,0.263,0.252
154,1358,Basque  ,0.332,0.222,0.218,0.229
155,1359,Basque  ,0.244,0.251,0.258,0.247
156,1360,Basque  ,0.24,0.263,0.24,0.257
157,1361,Basque  ,0.205,0.281,0.228,0.286
158,1362,Basque  ,0.199,0.275,0.27,0.256
159,1363,Basque  ,0.19,0.23,0.324,0.256
160,1364,Basque  ,0.278,0.233,0.252,0.237
161,1365,Basque  ,0.234,0.254,0.289,0.224
162,1366,Basque  ,0.202,0.264,0.239,0.295
163,1367,Basque  ,0.236,0.272,0.235,0.257
164,1368,Basque  ,0.242,0.27,0.253,0.235
165,1369,Basque  ,0.238,0.234,0.257,0.272
166,1370,Basque  ,0.341,0.211,0.232,0.216
167,1372,Basque  ,0.203,0.248,0.276,0.273
168,1373,Basque  ,0.21,0.247,0.305,0.238
169,1374,Basque  ,0.328,0.248,0.221,0.203
170,1375,Basque  ,0.316,0.252,0.243,0.19
171,1376,Basque  ,0.384,0.219,0.206,0.192
172,1377,Basque  ,0.242,0.24,0.301,0.217
173,1378,Basque  ,0.375,0.22,0.182,0.223
174,1379,Basque  ,0.337,0.229,0.234,0.199
175,1380,Basque  ,0.186,0.245,0.305,0.265
176,515,French  ,0.217,0.245,0.297,0.241
177,516,French  ,0.193,0.261,0.211,0.334
178,517,French  ,0.241,0.235,0.247,0.277
179,518,French  ,0.215,0.269,0.243,0.274
180,519,French  ,0.295,0.252,0.23,0.223
181,520,French  ,0.235,0.296,0.23,0.239
182,521,French  ,0.239,0.276,0.245,0.239
183,522,French  ,0.203,0.259,0.274,0.264
184,523,French  ,0.201,0.257,0.24,0.302
185,524,French  ,0.234,0.234,0.243,0.289
186,525,French  ,0.19,0.225,0.41,0.174
187,526,French  ,0.242,0.224,0.282,0.252
188,527,French  ,0.238,0.254,0.252,0.257
189,528,French  ,0.256,0.244,0.279,0.221
190,529,French  ,0.184,0.251,0.283,0.282
191,530,French  ,0.181,0.265,0.258,0.296
192,531,French  ,0.25,0.246,0.287,0.217
193,532,French  ,0.465,0.171,0.204,0.161
194,533,French  ,0.27,0.252,0.228,0.251
195,534,French  ,0.276,0.236,0.237,0.251
196,535,French  ,0.208,0.252,0.246,0.294
197,536,French  ,0.302,0.226,0.245,0.227
198,537,French  ,0.187,0.278,0.285,0.251
199,538,French  ,0.249,0.237,0.333,0.18
200,539,French  ,0.209,0.278,0.212,0.301
201,1147,Italian  ,0.217,0.263,0.245,0.275
202,1149,Italian  ,0.237,0.269,0.229,0.264
203,1151,Italian  ,0.194,0.281,0.235,0.29
204,1152,Italian  ,0.23,0.258,0.267,0.246
205,1153,Italian  ,0.272,0.258,0.261,0.209
206,1155,Italian  ,0.307,0.265,0.201,0.227
207,1156,Italian  ,0.419,0.2,0.207,0.175
208,1157,Italian  ,0.191,0.257,0.295,0.257
209,1171,Italian  ,0.172,0.262,0.224,0.341
210,1172,Italian  ,0.318,0.227,0.253,0.201
211,1173,Italian  ,0.225,0.243,0.214,0.318
212,1174,Italian  ,0.268,0.267,0.25,0.215
213,1177,Italian  ,0.216,0.245,0.269,0.27
214,665,Sardinian  ,0.228,0.258,0.279,0.235
215,666,Sardinian  ,0.209,0.277,0.192,0.322
216,667,Sardinian  ,0.268,0.279,0.214,0.239
217,668,Sardinian  ,0.212,0.261,0.226,0.301
218,669,Sardinian  ,0.256,0.249,0.272,0.223
219,670,Sardinian  ,0.266,0.235,0.299,0.2
220,671,Sardinian  ,0.196,0.271,0.249,0.284
221,672,Sardinian  ,0.239,0.229,0.249,0.284
222,673,Sardinian  ,0.184,0.245,0.289,0.282
223,674,Sardinian  ,0.191,0.239,0.323,0.247
224,1062,Sardinian  ,0.373,0.236,0.19,0.201
225,1063,Sardinian  ,0.254,0.255,0.276,0.215
226,1064,Sardinian  ,0.208,0.253,0.295,0.244
227,1065,Sardinian  ,0.187,0.271,0.213,0.33
228,1066,Sardinian  ,0.228,0.282,0.246,0.244
229,1067,Sardinian  ,0.373,0.223,0.218,0.186
230,1068,Sardinian  ,0.199,0.277,0.234,0.29
231,1069,Sardinian  ,0.25,0.264,0.236,0.25
232,1070,Sardinian  ,0.163,0.298,0.24,0.299
233,1071,Sardinian  ,0.195,0.253,0.265,0.287
234,1072,Sardinian  ,0.227,0.259,0.261,0.253
235,1073,Sardinian  ,0.423,0.204,0.183,0.19
236,1074,Sardinian  ,0.274,0.229,0.247,0.25
237,1075,Sardinian  ,0.175,0.23,0.326,0.269
238,1076,Sardinian  ,0.219,0.258,0.254,0.269
239,1077,Sardinian  ,0.214,0.275,0.215,0.296
240,1078,Sardinian  ,0.17,0.256,0.337,0.237
241,1079,Sardinian  ,0.245,0.271,0.255,0.229
242,1161,Tuscan  ,0.313,0.224,0.24,0.222
243,1162,Tuscan  ,0.193,0.285,0.206,0.316
244,1163,Tuscan  ,0.428,0.182,0.173,0.217
245,1164,Tuscan  ,0.359,0.22,0.23,0.191
246,1166,Tuscan  ,0.251,0.216,0.282,0.25
247,1167,Tuscan  ,0.239,0.265,0.236,0.26
248,1168,Tuscan  ,0.23,0.257,0.258,0.255
249,1169,Tuscan  ,0.212,0.283,0.26,0.246
250,1253,Mozabite  ,0.241,0.269,0.245,0.245
251,1254,Mozabite  ,0.301,0.209,0.31,0.18
252,1255,Mozabite  ,0.384,0.221,0.194,0.2
253,1256,Mozabite  ,0.327,0.216,0.24,0.217
254,1257,Mozabite  ,0.272,0.248,0.285,0.194
255,1258,Mozabite  ,0.231,0.268,0.251,0.249
256,1259,Mozabite  ,0.182,0.275,0.197,0.345
257,1260,Mozabite  ,0.229,0.26,0.252,0.26
258,1261,Mozabite  ,0.209,0.288,0.241,0.262
259,1262,Mozabite  ,0.326,0.239,0.236,0.199
260,1263,Mozabite  ,0.346,0.219,0.19,0.246
261,1265,Mozabite  ,0.255,0.271,0.256,0.218
262,1266,Mozabite  ,0.201,0.285,0.22,0.293
263,1268,Mozabite  ,0.341,0.215,0.237,0.206
264,1269,Mozabite  ,0.301,0.225,0.27,0.204
265,1270,Mozabite  ,0.214,0.247,0.326,0.213
266,1271,Mozabite  ,0.217,0.239,0.234,0.31
267,1272,Mozabite  ,0.214,0.283,0.187,0.316
268,1273,Mozabite  ,0.294,0.218,0.267,0.221
269,1275,Mozabite  ,0.173,0.257,0.196,0.374
270,1276,Mozabite  ,0.211,0.258,0.296,0.235
271,1277,Mozabite  ,0.201,0.277,0.222,0.3
272,1278,Mozabite  ,0.177,0.23,0.299,0.294
273,1280,Mozabite  ,0.245,0.237,0.286,0.232
274,1281,Mozabite  ,0.194,0.258,0.25,0.298
275,1282,Mozabite  ,0.231,0.295,0.207,0.266
276,607,Bedouin  ,0.256,0.241,0.227,0.276
277,608,Bedouin  ,0.182,0.239,0.357,0.221
278,609,Bedouin  ,0.191,0.275,0.232,0.302
279,610,Bedouin  ,0.214,0.273,0.232,0.281
280,611,Bedouin  ,0.22,0.243,0.249,0.288
281,612,Bedouin  ,0.226,0.239,0.247,0.288
282,613,Bedouin  ,0.28,0.268,0.258,0.195
283,614,Bedouin  ,0.375,0.209,0.189,0.228
284,615,Bedouin  ,0.175,0.273,0.236,0.317
285,616,Bedouin  ,0.314,0.229,0.25,0.207
286,617,Bedouin  ,0.245,0.283,0.227,0.245
287,618,Bedouin  ,0.339,0.228,0.216,0.217
288,619,Bedouin  ,0.185,0.257,0.264,0.294
289,620,Bedouin  ,0.195,0.269,0.226,0.31
290,621,Bedouin  ,0.181,0.267,0.309,0.243
291,622,Bedouin  ,0.357,0.217,0.229,0.197
292,623,Bedouin  ,0.232,0.277,0.264,0.227
293,624,Bedouin  ,0.304,0.229,0.255,0.212
294,625,Bedouin  ,0.21,0.25,0.212,0.327
295,626,Bedouin  ,0.277,0.236,0.237,0.249
296,627,Bedouin  ,0.279,0.252,0.262,0.208
297,628,Bedouin  ,0.2,0.265,0.273,0.262
298,629,Bedouin  ,0.259,0.238,0.279,0.224
299,630,Bedouin  ,0.259,0.248,0.235,0.257
300,631,Bedouin  ,0.24,0.252,0.23,0.277
301,632,Bedouin  ,0.324,0.226,0.222,0.228
302,633,Bedouin  ,0.313,0.246,0.215,0.226
303,634,Bedouin  ,0.287,0.243,0.284,0.185
304,635,Bedouin  ,0.289,0.241,0.246,0.224
305,636,Bedouin  ,0.282,0.229,0.25,0.239
306,637,Bedouin  ,0.267,0.283,0.208,0.242
307,638,Bedouin  ,0.196,0.237,0.334,0.233
308,639,Bedouin  ,0.222,0.259,0.232,0.287
309,640,Bedouin  ,0.164,0.254,0.27,0.312
310,641,Bedouin  ,0.197,0.263,0.276,0.264
311,642,Bedouin  ,0.281,0.257,0.27,0.192
312,643,Bedouin  ,0.281,0.283,0.243,0.194
313,644,Bedouin  ,0.287,0.251,0.23,0.232
314,645,Bedouin  ,0.189,0.292,0.235,0.284
315,646,Bedouin  ,0.24,0.245,0.265,0.25
316,647,Bedouin  ,0.222,0.251,0.283,0.244
317,648,Bedouin  ,0.207,0.291,0.236,0.267
318,649,Bedouin  ,0.196,0.292,0.237,0.275
319,650,Bedouin  ,0.19,0.251,0.319,0.24
320,651,Bedouin  ,0.241,0.265,0.263,0.231
321,653,Bedouin  ,0.227,0.267,0.239,0.266
322,654,Bedouin  ,0.185,0.245,0.287,0.283
323,701,Bedouin  ,0.218,0.267,0.246,0.269
324,557,Druze  ,0.239,0.267,0.207,0.287
325,558,Druze  ,0.246,0.27,0.231,0.253
326,559,Druze  ,0.22,0.256,0.295,0.229
327,560,Druze  ,0.239,0.251,0.264,0.246
328,561,Druze  ,0.235,0.261,0.23,0.274
329,562,Druze  ,0.358,0.209,0.241,0.191
330,563,Druze  ,0.286,0.238,0.234,0.242
331,564,Druze  ,0.32,0.223,0.256,0.2
332,565,Druze  ,0.258,0.216,0.282,0.245
333,566,Druze  ,0.331,0.255,0.208,0.206
334,567,Druze  ,0.308,0.238,0.234,0.221
335,568,Druze  ,0.221,0.23,0.234,0.314
336,569,Druze  ,0.191,0.248,0.291,0.27
337,570,Druze  ,0.203,0.3,0.239,0.258
338,571,Druze  ,0.244,0.226,0.28,0.249
339,572,Druze  ,0.24,0.251,0.274,0.235
340,573,Druze  ,0.204,0.259,0.316,0.221
341,574,Druze  ,0.243,0.24,0.295,0.223
342,575,Druze  ,0.211,0.268,0.214,0.307
343,576,Druze  ,0.231,0.264,0.204,0.301
344,577,Druze  ,0.279,0.242,0.232,0.247
345,578,Druze  ,0.2,0.262,0.222,0.316
346,579,Druze  ,0.22,0.246,0.273,0.261
347,580,Druze  ,0.222,0.224,0.341,0.213
348,581,Druze  ,0.217,0.258,0.267,0.257
349,582,Druze  ,0.198,0.234,0.334,0.234
350,583,Druze  ,0.458,0.194,0.194,0.155
351,584,Druze  ,0.254,0.214,0.347,0.185
352,585,Druze  ,0.212,0.269,0.204,0.315
353,586,Druze  ,0.223,0.26,0.302,0.216
354,587,Druze  ,0.205,0.245,0.305,0.245
355,588,Druze  ,0.237,0.276,0.274,0.212
356,590,Druze  ,0.337,0.233,0.24,0.19
357,591,Druze  ,0.216,0.283,0.228,0.273
358,592,Druze  ,0.269,0.259,0.211,0.262
359,594,Druze  ,0.246,0.256,0.242,0.256
360,595,Druze  ,0.357,0.198,0.231,0.214
361,598,Druze  ,0.345,0.215,0.249,0.191
362,599,Druze  ,0.195,0.262,0.249,0.294
363,600,Druze  ,0.258,0.265,0.244,0.233
364,601,Druze  ,0.193,0.239,0.265,0.303
365,602,Druze  ,0.228,0.221,0.335,0.217
366,603,Druze  ,0.273,0.259,0.226,0.241
367,604,Druze  ,0.208,0.264,0.258,0.27
368,605,Druze  ,0.204,0.268,0.222,0.306
369,606,Druze  ,0.285,0.249,0.227,0.239
370,675,Palestinian  ,0.173,0.241,0.343,0.243
371,676,Palestinian  ,0.204,0.255,0.283,0.258
372,677,Palestinian  ,0.22,0.262,0.209,0.309
373,678,Palestinian  ,0.307,0.23,0.232,0.231
374,679,Palestinian  ,0.317,0.211,0.284,0.189
375,680,Palestinian  ,0.278,0.237,0.245,0.24
376,681,Palestinian  ,0.237,0.239,0.326,0.198
377,682,Palestinian  ,0.253,0.265,0.252,0.23
378,683,Palestinian  ,0.232,0.246,0.186,0.335
379,684,Palestinian  ,0.21,0.274,0.273,0.243
380,685,Palestinian  ,0.216,0.224,0.262,0.297
381,686,Palestinian  ,0.219,0.242,0.288,0.251
382,687,Palestinian  ,0.178,0.272,0.229,0.321
383,688,Palestinian  ,0.287,0.233,0.226,0.255
384,689,Palestinian  ,0.232,0.28,0.266,0.223
385,690,Palestinian  ,0.194,0.298,0.229,0.278
386,691,Palestinian  ,0.346,0.219,0.228,0.207
387,692,Palestinian  ,0.258,0.247,0.276,0.219
388,693,Palestinian  ,0.196,0.275,0.165,0.364
389,694,Palestinian  ,0.191,0.222,0.392,0.196
390,695,Palestinian  ,0.193,0.26,0.312,0.235
391,696,Palestinian  ,0.177,0.236,0.365,0.222
392,697,Palestinian  ,0.271,0.245,0.243,0.241
393,698,Palestinian  ,0.223,0.288,0.226,0.263
394,699,Palestinian  ,0.243,0.256,0.242,0.258
395,700,Palestinian  ,0.334,0.28,0.215,0.171
396,722,Palestinian  ,0.214,0.25,0.257,0.28
397,723,Palestinian  ,0.225,0.314,0.199,0.262
398,724,Palestinian  ,0.231,0.23,0.31,0.229
399,725,Palestinian  ,0.213,0.268,0.292,0.227
400,726,Palestinian  ,0.204,0.263,0.276,0.258
401,727,Palestinian  ,0.311,0.241,0.227,0.221
402,728,Palestinian  ,0.223,0.238,0.201,0.338
403,729,Palestinian  ,0.211,0.318,0.24,0.232
404,730,Palestinian  ,0.259,0.24,0.26,0.242
405,731,Palestinian  ,0.196,0.287,0.239,0.277
406,732,Palestinian  ,0.236,0.245,0.307,0.211
407,733,Palestinian  ,0.197,0.262,0.29,0.251
408,734,Palestinian  ,0.211,0.241,0.268,0.28
409,735,Palestinian  ,0.194,0.29,0.238,0.278
410,736,Palestinian  ,0.211,0.251,0.296,0.242
411,737,Palestinian  ,0.275,0.252,0.236,0.237
412,738,Palestinian  ,0.222,0.237,0.312,0.229
413,739,Palestinian  ,0.19,0.291,0.233,0.286
414,740,Palestinian  ,0.22,0.278,0.232,0.269
415,741,Palestinian  ,0.249,0.253,0.257,0.24
416,742,Palestinian  ,0.193,0.281,0.258,0.268
417,743,Palestinian  ,0.199,0.24,0.242,0.318
418,744,Palestinian  ,0.201,0.254,0.26,0.285
419,745,Palestinian  ,0.228,0.243,0.29,0.239
420,746,Palestinian  ,0.351,0.221,0.228,0.201
421,52,Balochi  ,0.178,0.28,0.263,0.279
422,54,Balochi  ,0.304,0.239,0.239,0.218
423,56,Balochi  ,0.197,0.253,0.305,0.246
424,57,Balochi  ,0.205,0.28,0.249,0.266
425,58,Balochi  ,0.272,0.255,0.24,0.233
426,60,Balochi  ,0.274,0.23,0.278,0.218
427,62,Balochi  ,0.204,0.262,0.294,0.241
428,64,Balochi  ,0.24,0.245,0.294,0.22
429,66,Balochi  ,0.293,0.268,0.215,0.224
430,68,Balochi  ,0.217,0.255,0.298,0.231
431,70,Balochi  ,0.24,0.238,0.276,0.246
432,72,Balochi  ,0.218,0.261,0.255,0.266
433,74,Balochi  ,0.239,0.264,0.203,0.294
434,76,Balochi  ,0.197,0.259,0.302,0.242
435,78,Balochi  ,0.337,0.225,0.208,0.231
436,80,Balochi  ,0.293,0.233,0.26,0.214
437,82,Balochi  ,0.229,0.263,0.289,0.219
438,84,Balochi  ,0.228,0.258,0.245,0.269
439,86,Balochi  ,0.216,0.274,0.301,0.209
440,88,Balochi  ,0.307,0.203,0.297,0.193
441,90,Balochi  ,0.19,0.248,0.323,0.239
442,92,Balochi  ,0.176,0.255,0.321,0.248
443,94,Balochi  ,0.292,0.247,0.247,0.214
444,96,Balochi  ,0.222,0.283,0.249,0.247
445,98,Balochi  ,0.314,0.255,0.236,0.195
446,1,Brahui  ,0.231,0.278,0.219,0.273
447,3,Brahui  ,0.204,0.237,0.309,0.25
448,5,Brahui  ,0.189,0.27,0.22,0.321
449,7,Brahui  ,0.368,0.208,0.206,0.219
450,9,Brahui  ,0.181,0.271,0.232,0.315
451,11,Brahui  ,0.368,0.221,0.202,0.208
452,13,Brahui  ,0.366,0.204,0.229,0.2
453,15,Brahui  ,0.243,0.236,0.193,0.328
454,17,Brahui  ,0.388,0.21,0.178,0.225
455,19,Brahui  ,0.39,0.206,0.236,0.168
456,21,Brahui  ,0.217,0.282,0.218,0.282
457,23,Brahui  ,0.182,0.269,0.236,0.313
458,25,Brahui  ,0.314,0.241,0.241,0.204
459,27,Brahui  ,0.433,0.198,0.175,0.193
460,29,Brahui  ,0.386,0.196,0.248,0.17
461,31,Brahui  ,0.243,0.25,0.208,0.299
462,33,Brahui  ,0.35,0.205,0.305,0.141
463,35,Brahui  ,0.386,0.206,0.183,0.226
464,37,Brahui  ,0.28,0.251,0.222,0.247
465,39,Brahui  ,0.21,0.252,0.298,0.24
466,41,Brahui  ,0.189,0.252,0.3,0.259
467,43,Brahui  ,0.192,0.248,0.262,0.298
468,45,Brahui  ,0.389,0.212,0.2,0.199
469,47,Brahui  ,0.276,0.257,0.217,0.25
470,49,Brahui  ,0.193,0.262,0.249,0.295
471,130,Makrani  ,0.332,0.232,0.195,0.242
472,131,Makrani  ,0.213,0.222,0.295,0.269
473,133,Makrani  ,0.348,0.208,0.208,0.237
474,134,Makrani  ,0.23,0.249,0.258,0.263
475,135,Makrani  ,0.234,0.271,0.249,0.246
476,136,Makrani  ,0.199,0.296,0.218,0.287
477,137,Makrani  ,0.212,0.266,0.311,0.211
478,139,Makrani  ,0.412,0.195,0.216,0.176
479,140,Makrani  ,0.19,0.289,0.259,0.262
480,141,Makrani  ,0.357,0.224,0.206,0.213
481,143,Makrani  ,0.378,0.213,0.201,0.207
482,144,Makrani  ,0.212,0.28,0.237,0.272
483,145,Makrani  ,0.229,0.263,0.2,0.308
484,146,Makrani  ,0.263,0.251,0.228,0.258
485,148,Makrani  ,0.247,0.274,0.193,0.287
486,149,Makrani  ,0.305,0.22,0.258,0.217
487,150,Makrani  ,0.22,0.234,0.325,0.22
488,151,Makrani  ,0.245,0.262,0.245,0.248
489,153,Makrani  ,0.187,0.253,0.282,0.278
490,154,Makrani  ,0.197,0.285,0.231,0.287
491,155,Makrani  ,0.199,0.271,0.242,0.288
492,157,Makrani  ,0.457,0.186,0.163,0.193
493,158,Makrani  ,0.323,0.233,0.223,0.222
494,160,Makrani  ,0.203,0.27,0.285,0.242
495,161,Makrani  ,0.28,0.24,0.251,0.23
496,213,Pathan  ,0.221,0.246,0.261,0.271
497,214,Pathan  ,0.275,0.252,0.252,0.221
498,216,Pathan  ,0.254,0.228,0.293,0.224
499,218,Pathan  ,0.288,0.231,0.243,0.237
500,222,Pathan  ,0.176,0.241,0.262,0.321
501,224,Pathan  ,0.248,0.244,0.256,0.251
502,226,Pathan  ,0.249,0.263,0.287,0.202
503,228,Pathan  ,0.305,0.239,0.253,0.203
504,230,Pathan  ,0.205,0.301,0.283,0.212
505,232,Pathan  ,0.183,0.295,0.189,0.334
506,234,Pathan  ,0.416,0.183,0.23,0.171
507,237,Pathan  ,0.237,0.244,0.278,0.242
508,239,Pathan  ,0.219,0.229,0.308,0.244
509,241,Pathan  ,0.234,0.261,0.242,0.262
510,243,Pathan  ,0.257,0.266,0.239,0.238
511,247,Pathan  ,0.218,0.278,0.277,0.227
512,248,Pathan  ,0.235,0.242,0.24,0.284
513,251,Pathan  ,0.249,0.295,0.23,0.226
514,254,Pathan  ,0.209,0.275,0.259,0.257
515,258,Pathan  ,0.276,0.236,0.267,0.221
516,259,Pathan  ,0.212,0.217,0.378,0.194
517,262,Pathan  ,0.194,0.24,0.293,0.273
518,264,Pathan  ,0.27,0.263,0.204,0.263
519,163,Sindhi  ,0.314,0.251,0.224,0.211
520,165,Sindhi  ,0.314,0.221,0.226,0.239
521,167,Sindhi  ,0.227,0.26,0.286,0.226
522,169,Sindhi  ,0.277,0.247,0.286,0.19
523,171,Sindhi  ,0.229,0.276,0.214,0.281
524,173,Sindhi  ,0.252,0.267,0.246,0.235
525,177,Sindhi  ,0.249,0.259,0.22,0.272
526,179,Sindhi  ,0.206,0.257,0.267,0.27
527,181,Sindhi  ,0.31,0.25,0.237,0.204
528,183,Sindhi  ,0.233,0.266,0.236,0.265
529,185,Sindhi  ,0.195,0.253,0.308,0.243
530,187,Sindhi  ,0.175,0.282,0.266,0.277
531,189,Sindhi  ,0.24,0.275,0.224,0.261
532,191,Sindhi  ,0.173,0.279,0.22,0.328
533,192,Sindhi  ,0.311,0.231,0.232,0.226
534,195,Sindhi  ,0.244,0.254,0.25,0.252
535,197,Sindhi  ,0.331,0.23,0.201,0.238
536,199,Sindhi  ,0.205,0.208,0.306,0.282
537,201,Sindhi  ,0.295,0.214,0.213,0.278
538,203,Sindhi  ,0.188,0.276,0.241,0.294
539,205,Sindhi  ,0.233,0.244,0.293,0.231
540,206,Sindhi  ,0.285,0.213,0.298,0.203
541,208,Sindhi  ,0.222,0.251,0.281,0.246
542,210,Sindhi  ,0.358,0.206,0.243,0.193
543,336,Burusho  ,0.302,0.208,0.193,0.297
544,338,Burusho  ,0.22,0.249,0.293,0.238
545,341,Burusho  ,0.243,0.249,0.258,0.25
546,346,Burusho  ,0.164,0.256,0.277,0.303
547,351,Burusho  ,0.264,0.245,0.29,0.201
548,356,Burusho  ,0.363,0.212,0.186,0.238
549,359,Burusho  ,0.329,0.233,0.209,0.229
550,364,Burusho  ,0.249,0.244,0.267,0.24
551,371,Burusho  ,0.266,0.261,0.269,0.204
552,372,Burusho  ,0.305,0.235,0.238,0.221
553,376,Burusho  ,0.304,0.252,0.251,0.193
554,382,Burusho  ,0.238,0.226,0.257,0.279
555,388,Burusho  ,0.319,0.284,0.201,0.196
556,392,Burusho  ,0.233,0.274,0.265,0.228
557,397,Burusho  ,0.153,0.261,0.214,0.371
558,402,Burusho  ,0.305,0.235,0.193,0.267
559,407,Burusho  ,0.236,0.271,0.217,0.276
560,412,Burusho  ,0.294,0.224,0.244,0.238
561,417,Burusho  ,0.362,0.211,0.241,0.185
562,423,Burusho  ,0.238,0.269,0.243,0.251
563,428,Burusho  ,0.255,0.241,0.258,0.245
564,433,Burusho  ,0.187,0.285,0.227,0.301
565,438,Burusho  ,0.21,0.238,0.296,0.256
566,444,Burusho  ,0.23,0.29,0.282,0.198
567,445,Burusho  ,0.319,0.224,0.251,0.206
568,99,Hazara  ,0.235,0.272,0.284,0.209
569,100,Hazara  ,0.29,0.251,0.221,0.239
570,102,Hazara  ,0.315,0.223,0.201,0.261
571,103,Hazara  ,0.231,0.27,0.274,0.225
572,104,Hazara  ,0.338,0.228,0.256,0.179
573,105,Hazara  ,0.268,0.27,0.215,0.247
574,106,Hazara  ,0.255,0.271,0.228,0.246
575,108,Hazara  ,0.272,0.248,0.197,0.283
576,109,Hazara  ,0.203,0.262,0.241,0.294
577,110,Hazara  ,0.172,0.252,0.201,0.376
578,112,Hazara  ,0.273,0.245,0.29,0.192
579,113,Hazara  ,0.216,0.257,0.271,0.256
580,115,Hazara  ,0.238,0.261,0.285,0.217
581,116,Hazara  ,0.336,0.198,0.298,0.168
582,118,Hazara  ,0.268,0.252,0.244,0.235
583,119,Hazara  ,0.304,0.218,0.27,0.208
584,120,Hazara  ,0.207,0.252,0.261,0.28
585,121,Hazara  ,0.189,0.279,0.231,0.301
586,122,Hazara  ,0.25,0.242,0.306,0.202
587,124,Hazara  ,0.207,0.253,0.22,0.32
588,125,Hazara  ,0.275,0.271,0.23,0.223
589,127,Hazara  ,0.192,0.259,0.216,0.334
590,128,Hazara  ,0.223,0.236,0.267,0.275
591,129,Hazara  ,0.28,0.234,0.291,0.195
592,1297,Uygur  ,0.247,0.25,0.237,0.266
593,1298,Uygur  ,0.231,0.287,0.194,0.287
594,1299,Uygur  ,0.206,0.248,0.28,0.266
595,1300,Uygur  ,0.207,0.247,0.278,0.268
596,1301,Uygur  ,0.217,0.264,0.287,0.232
597,1302,Uygur  ,0.193,0.295,0.233,0.28
598,1303,Uygur  ,0.196,0.259,0.276,0.269
599,1304,Uygur  ,0.199,0.239,0.341,0.221
600,1305,Uygur  ,0.229,0.241,0.282,0.248
601,1306,Uygur  ,0.199,0.258,0.239,0.303
602,267,Kalash  ,0.21,0.243,0.232,0.315
603,274,Kalash  ,0.194,0.247,0.273,0.286
604,277,Kalash  ,0.18,0.283,0.21,0.327
605,279,Kalash  ,0.231,0.265,0.226,0.278
606,281,Kalash  ,0.181,0.252,0.275,0.292
607,285,Kalash  ,0.257,0.259,0.196,0.287
608,286,Kalash  ,0.219,0.258,0.256,0.267
609,288,Kalash  ,0.211,0.285,0.256,0.248
610,290,Kalash  ,0.35,0.206,0.215,0.229
611,292,Kalash  ,0.246,0.278,0.25,0.226
612,298,Kalash  ,0.352,0.199,0.219,0.23
613,302,Kalash  ,0.197,0.301,0.25,0.253
614,304,Kalash  ,0.226,0.259,0.241,0.274
615,307,Kalash  ,0.212,0.248,0.302,0.239
616,309,Kalash  ,0.248,0.247,0.215,0.29
617,311,Kalash  ,0.246,0.243,0.252,0.259
618,313,Kalash  ,0.194,0.261,0.312,0.232
619,315,Kalash  ,0.208,0.241,0.316,0.235
620,319,Kalash  ,0.264,0.236,0.195,0.305
621,321,Kalash  ,0.243,0.256,0.254,0.247
622,323,Kalash  ,0.235,0.25,0.274,0.24
623,326,Kalash  ,0.269,0.258,0.23,0.243
624,328,Kalash  ,0.271,0.212,0.286,0.23
625,330,Kalash  ,0.381,0.221,0.206,0.192
626,333,Kalash  ,0.244,0.237,0.233,0.286
627,774,Han  ,0.236,0.254,0.305,0.205
628,775,Han  ,0.346,0.23,0.182,0.242
629,776,Han  ,0.227,0.252,0.225,0.296
630,777,Han  ,0.271,0.223,0.226,0.28
631,778,Han  ,0.188,0.279,0.198,0.336
632,779,Han  ,0.247,0.261,0.262,0.23
633,780,Han  ,0.228,0.27,0.225,0.276
634,781,Han  ,0.193,0.243,0.346,0.218
635,782,Han  ,0.216,0.264,0.307,0.213
636,783,Han  ,0.354,0.202,0.211,0.234
637,784,Han  ,0.399,0.207,0.182,0.212
638,785,Han  ,0.257,0.256,0.248,0.239
639,786,Han  ,0.224,0.26,0.183,0.332
640,811,Han  ,0.276,0.262,0.264,0.198
641,812,Han  ,0.199,0.264,0.3,0.238
642,813,Han  ,0.241,0.265,0.222,0.272
643,814,Han  ,0.178,0.259,0.309,0.254
644,815,Han  ,0.197,0.253,0.303,0.247
645,817,Han  ,0.2,0.28,0.247,0.274
646,818,Han  ,0.21,0.248,0.317,0.225
647,819,Han  ,0.251,0.246,0.293,0.21
648,820,Han  ,0.228,0.264,0.241,0.267
649,821,Han  ,0.207,0.283,0.286,0.225
650,822,Han  ,0.306,0.242,0.243,0.208
651,971,Han  ,0.284,0.247,0.244,0.225
652,972,Han  ,0.284,0.252,0.24,0.225
653,973,Han  ,0.233,0.258,0.246,0.263
654,974,Han  ,0.293,0.226,0.27,0.211
655,975,Han  ,0.229,0.283,0.238,0.25
656,976,Han  ,0.24,0.256,0.221,0.284
657,977,Han  ,0.229,0.269,0.235,0.266
658,1021,Han  ,0.223,0.297,0.212,0.268
659,1023,Han  ,0.332,0.228,0.241,0.2
660,1024,Han  ,0.301,0.229,0.268,0.201
661,1287,Han (N. China),0.236,0.227,0.298,0.239
662,1288,Han (N. China),0.184,0.259,0.228,0.329
663,1289,Han (N. China),0.373,0.189,0.263,0.175
664,1290,Han (N. China),0.221,0.238,0.236,0.306
665,1291,Han (N. China),0.208,0.234,0.255,0.304
666,1292,Han (N. China),0.211,0.279,0.289,0.222
667,1293,Han (N. China),0.179,0.248,0.316,0.256
668,1294,Han (N. China),0.283,0.248,0.243,0.226
669,1295,Han (N. China),0.223,0.278,0.243,0.255
670,1296,Han (N. China),0.182,0.254,0.305,0.259
671,1307,Dai  ,0.261,0.241,0.232,0.266
672,1308,Dai  ,0.309,0.24,0.262,0.188
673,1309,Dai  ,0.251,0.244,0.293,0.212
674,1310,Dai  ,0.254,0.271,0.269,0.207
675,1311,Dai  ,0.227,0.262,0.255,0.256
676,1312,Dai  ,0.339,0.209,0.189,0.263
677,1313,Dai  ,0.21,0.27,0.266,0.254
678,1314,Dai  ,0.267,0.256,0.278,0.199
679,1315,Dai  ,0.262,0.243,0.204,0.292
680,1316,Dai  ,0.289,0.221,0.24,0.249
681,1213,Daur  ,0.329,0.238,0.241,0.192
682,1214,Daur  ,0.226,0.257,0.266,0.251
683,1215,Daur  ,0.195,0.26,0.195,0.351
684,1216,Daur  ,0.201,0.251,0.246,0.302
685,1217,Daur  ,0.327,0.22,0.268,0.185
686,1218,Daur  ,0.236,0.265,0.267,0.232
687,1220,Daur  ,0.367,0.242,0.184,0.206
688,1221,Daur  ,0.289,0.265,0.244,0.202
689,1222,Daur  ,0.25,0.24,0.2,0.31
690,1233,Hezhen  ,0.196,0.257,0.284,0.263
691,1234,Hezhen  ,0.284,0.243,0.213,0.26
692,1236,Hezhen  ,0.205,0.264,0.267,0.264
693,1237,Hezhen  ,0.262,0.268,0.232,0.239
694,1238,Hezhen  ,0.262,0.261,0.218,0.259
695,1239,Hezhen  ,0.245,0.261,0.215,0.279
696,1240,Hezhen  ,0.211,0.247,0.275,0.268
697,1241,Hezhen  ,0.17,0.253,0.324,0.252
698,1242,Hezhen  ,0.235,0.262,0.249,0.255
699,1317,Lahu  ,0.39,0.203,0.225,0.182
700,1318,Lahu  ,0.288,0.258,0.23,0.224
701,1319,Lahu  ,0.235,0.274,0.271,0.22
702,1320,Lahu  ,0.279,0.268,0.258,0.195
703,1321,Lahu  ,0.206,0.279,0.288,0.227
704,1322,Lahu  ,0.183,0.28,0.19,0.347
705,1323,Lahu  ,0.211,0.27,0.198,0.321
706,1324,Lahu  ,0.213,0.257,0.246,0.285
707,1325,Lahu  ,0.449,0.198,0.172,0.181
708,1326,Lahu  ,0.191,0.241,0.32,0.249
709,1189,Miao  ,0.332,0.25,0.206,0.212
710,1190,Miao  ,0.24,0.265,0.241,0.254
711,1191,Miao  ,0.199,0.241,0.334,0.225
712,1192,Miao  ,0.186,0.214,0.32,0.28
713,1193,Miao  ,0.229,0.259,0.281,0.23
714,1194,Miao  ,0.234,0.268,0.209,0.289
715,1195,Miao  ,0.195,0.279,0.237,0.289
716,1196,Miao  ,0.229,0.251,0.291,0.229
717,1197,Miao  ,0.384,0.223,0.221,0.172
718,1198,Miao  ,0.191,0.282,0.252,0.275
719,1203,Oroqen  ,0.213,0.265,0.254,0.269
720,1204,Oroqen  ,0.21,0.268,0.226,0.296
721,1205,Oroqen  ,0.226,0.232,0.208,0.333
722,1206,Oroqen  ,0.382,0.208,0.2,0.21
723,1207,Oroqen  ,0.227,0.256,0.172,0.345
724,1208,Oroqen  ,0.216,0.269,0.241,0.274
725,1209,Oroqen  ,0.267,0.245,0.258,0.23
726,1210,Oroqen  ,0.214,0.27,0.237,0.28
727,1211,Oroqen  ,0.245,0.246,0.266,0.243
728,1212,Oroqen  ,0.24,0.288,0.234,0.238
729,1327,She  ,0.209,0.257,0.294,0.241
730,1328,She  ,0.253,0.249,0.278,0.22
731,1329,She  ,0.24,0.266,0.265,0.229
732,1330,She  ,0.181,0.264,0.228,0.327
733,1331,She  ,0.201,0.238,0.324,0.237
734,1332,She  ,0.279,0.228,0.272,0.221
735,1333,She  ,0.323,0.211,0.247,0.22
736,1334,She  ,0.274,0.233,0.288,0.206
737,1335,She  ,0.287,0.231,0.185,0.297
738,1336,She  ,0.2,0.303,0.236,0.262
739,1095,Tujia  ,0.199,0.255,0.257,0.29
740,1096,Tujia  ,0.21,0.263,0.269,0.259
741,1097,Tujia  ,0.274,0.221,0.271,0.234
742,1098,Tujia  ,0.202,0.297,0.211,0.289
743,1099,Tujia  ,0.202,0.241,0.297,0.261
744,1100,Tujia  ,0.165,0.286,0.267,0.281
745,1101,Tujia  ,0.282,0.227,0.271,0.221
746,1102,Tujia  ,0.218,0.258,0.225,0.298
747,1103,Tujia  ,0.188,0.286,0.215,0.31
748,1104,Tujia  ,0.288,0.231,0.273,0.208
749,1347,Tu  ,0.31,0.222,0.237,0.231
750,1348,Tu  ,0.153,0.264,0.196,0.387
751,1349,Tu  ,0.253,0.285,0.242,0.22
752,1350,Tu  ,0.335,0.225,0.225,0.215
753,1351,Tu  ,0.314,0.218,0.24,0.228
754,1352,Tu  ,0.255,0.219,0.203,0.324
755,1353,Tu  ,0.218,0.243,0.285,0.253
756,1354,Tu  ,0.242,0.26,0.215,0.284
757,1355,Tu  ,0.311,0.22,0.251,0.217
758,1356,Tu  ,0.181,0.287,0.189,0.344
759,1243,Xibo  ,0.387,0.208,0.225,0.18
760,1244,Xibo  ,0.211,0.277,0.247,0.266
761,1245,Xibo  ,0.255,0.269,0.236,0.24
762,1246,Xibo  ,0.245,0.249,0.163,0.343
763,1247,Xibo  ,0.192,0.247,0.379,0.181
764,1248,Xibo  ,0.198,0.245,0.241,0.315
765,1249,Xibo  ,0.203,0.249,0.304,0.244
766,1250,Xibo  ,0.202,0.24,0.336,0.222
767,1251,Xibo  ,0.35,0.195,0.242,0.213
768,1179,Yi  ,0.209,0.243,0.348,0.199
769,1180,Yi  ,0.244,0.245,0.217,0.293
770,1181,Yi  ,0.256,0.261,0.266,0.217
771,1182,Yi  ,0.192,0.255,0.323,0.23
772,1183,Yi  ,0.157,0.268,0.239,0.336
773,1184,Yi  ,0.198,0.277,0.236,0.289
774,1185,Yi  ,0.21,0.285,0.244,0.262
775,1186,Yi  ,0.258,0.266,0.252,0.224
776,1187,Yi  ,0.211,0.211,0.377,0.201
777,1188,Yi  ,0.223,0.262,0.289,0.225
778,1223,Mongola  ,0.208,0.245,0.289,0.257
779,1224,Mongola  ,0.187,0.246,0.25,0.317
780,1225,Mongola  ,0.247,0.231,0.263,0.259
781,1226,Mongola  ,0.197,0.288,0.246,0.269
782,1227,Mongola  ,0.258,0.256,0.249,0.237
783,1228,Mongola  ,0.297,0.254,0.218,0.231
784,1229,Mongola  ,0.269,0.242,0.174,0.315
785,1230,Mongola  ,0.203,0.255,0.275,0.267
786,1231,Mongola  ,0.206,0.25,0.238,0.306
787,1232,Mongola  ,0.207,0.254,0.284,0.254
788,1337,Naxi  ,0.276,0.24,0.23,0.254
789,1338,Naxi  ,0.215,0.293,0.223,0.269
790,1340,Naxi  ,0.247,0.253,0.254,0.246
791,1341,Naxi  ,0.274,0.267,0.195,0.264
792,1342,Naxi  ,0.208,0.238,0.271,0.283
793,1343,Naxi  ,0.245,0.271,0.26,0.224
794,1345,Naxi  ,0.28,0.238,0.272,0.21
795,1346,Naxi  ,0.224,0.254,0.276,0.246
796,711,Cambodian  ,0.212,0.25,0.328,0.209
797,712,Cambodian  ,0.309,0.223,0.226,0.242
798,713,Cambodian  ,0.193,0.281,0.21,0.316
799,714,Cambodian  ,0.239,0.312,0.215,0.235
800,715,Cambodian  ,0.245,0.233,0.253,0.27
801,716,Cambodian  ,0.179,0.271,0.213,0.337
802,717,Cambodian  ,0.246,0.258,0.272,0.224
803,718,Cambodian  ,0.225,0.267,0.187,0.321
804,719,Cambodian  ,0.197,0.298,0.229,0.275
805,720,Cambodian  ,0.304,0.238,0.248,0.21
806,721,Cambodian  ,0.299,0.28,0.223,0.198
807,747,Japanese  ,0.248,0.253,0.303,0.196
808,748,Japanese  ,0.198,0.264,0.32,0.218
809,749,Japanese  ,0.207,0.286,0.249,0.257
810,750,Japanese  ,0.229,0.232,0.237,0.302
811,751,Japanese  ,0.277,0.243,0.235,0.245
812,752,Japanese  ,0.214,0.269,0.284,0.233
813,753,Japanese  ,0.324,0.23,0.238,0.208
814,754,Japanese  ,0.264,0.247,0.266,0.223
815,755,Japanese  ,0.294,0.224,0.286,0.196
816,756,Japanese  ,0.217,0.263,0.278,0.242
817,757,Japanese  ,0.265,0.239,0.241,0.254
818,758,Japanese  ,0.2,0.296,0.23,0.274
819,759,Japanese  ,0.2,0.263,0.211,0.326
820,760,Japanese  ,0.315,0.213,0.283,0.189
821,761,Japanese  ,0.283,0.24,0.241,0.236
822,762,Japanese  ,0.307,0.221,0.269,0.203
823,763,Japanese  ,0.198,0.242,0.354,0.206
824,764,Japanese  ,0.19,0.273,0.224,0.312
825,765,Japanese  ,0.273,0.253,0.252,0.223
826,766,Japanese  ,0.188,0.262,0.185,0.365
827,767,Japanese  ,0.253,0.277,0.245,0.225
828,768,Japanese  ,0.348,0.213,0.198,0.24
829,769,Japanese  ,0.429,0.18,0.203,0.188
830,771,Japanese  ,0.228,0.231,0.317,0.225
831,772,Japanese  ,0.192,0.276,0.267,0.265
832,773,Japanese  ,0.181,0.265,0.243,0.311
833,790,Japanese  ,0.202,0.261,0.24,0.297
834,791,Japanese  ,0.245,0.267,0.271,0.217
835,828,Japanese  ,0.182,0.237,0.256,0.325
836,945,Yakut  ,0.225,0.255,0.286,0.234
837,946,Yakut  ,0.229,0.276,0.228,0.267
838,947,Yakut  ,0.345,0.25,0.173,0.231
839,948,Yakut  ,0.26,0.278,0.198,0.264
840,949,Yakut  ,0.216,0.244,0.271,0.269
841,950,Yakut  ,0.228,0.242,0.253,0.277
842,951,Yakut  ,0.313,0.238,0.216,0.232
843,952,Yakut  ,0.261,0.259,0.224,0.256
844,953,Yakut  ,0.231,0.274,0.235,0.259
845,954,Yakut  ,0.225,0.246,0.243,0.286
846,955,Yakut  ,0.198,0.286,0.247,0.269
847,956,Yakut  ,0.278,0.256,0.214,0.252
848,957,Yakut  ,0.187,0.255,0.309,0.25
849,958,Yakut  ,0.169,0.269,0.253,0.309
850,959,Yakut  ,0.203,0.275,0.25,0.272
851,960,Yakut  ,0.224,0.26,0.236,0.281
852,961,Yakut  ,0.302,0.236,0.21,0.253
853,962,Yakut  ,0.426,0.21,0.19,0.174
854,963,Yakut  ,0.362,0.215,0.209,0.214
855,964,Yakut  ,0.241,0.229,0.282,0.248
856,965,Yakut  ,0.246,0.217,0.298,0.239
857,966,Yakut  ,0.291,0.236,0.267,0.206
858,967,Yakut  ,0.241,0.258,0.257,0.244
859,968,Yakut  ,0.294,0.255,0.224,0.227
860,969,Yakut  ,0.243,0.256,0.22,0.281
861,490,Melanesian  ,0.226,0.247,0.272,0.254
862,491,Melanesian  ,0.395,0.223,0.179,0.203
863,655,Melanesian  ,0.208,0.253,0.225,0.313
864,656,Melanesian  ,0.211,0.243,0.34,0.206
865,657,Melanesian  ,0.192,0.257,0.209,0.342
866,658,Melanesian  ,0.272,0.225,0.297,0.206
867,660,Melanesian  ,0.203,0.241,0.311,0.245
868,661,Melanesian  ,0.185,0.288,0.259,0.268
869,663,Melanesian  ,0.232,0.254,0.224,0.29
870,664,Melanesian  ,0.182,0.258,0.311,0.249
871,787,Melanesian  ,0.216,0.284,0.227,0.272
872,788,Melanesian  ,0.282,0.235,0.234,0.248
873,789,Melanesian  ,0.263,0.255,0.209,0.274
874,823,Melanesian  ,0.189,0.278,0.234,0.3
875,824,Melanesian  ,0.225,0.254,0.27,0.251
876,825,Melanesian  ,0.215,0.254,0.251,0.28
877,978,Melanesian  ,0.42,0.209,0.18,0.191
878,1027,Melanesian  ,0.286,0.238,0.213,0.263
879,540,Papuan  ,0.301,0.235,0.216,0.248
880,541,Papuan  ,0.184,0.294,0.193,0.33
881,542,Papuan  ,0.177,0.262,0.254,0.306
882,543,Papuan  ,0.364,0.195,0.225,0.215
883,544,Papuan  ,0.201,0.269,0.272,0.258
884,545,Papuan  ,0.216,0.279,0.227,0.278
885,546,Papuan  ,0.241,0.273,0.229,0.258
886,547,Papuan  ,0.278,0.249,0.253,0.22
887,548,Papuan  ,0.223,0.275,0.283,0.22
888,549,Papuan  ,0.318,0.249,0.241,0.192
889,550,Papuan  ,0.402,0.187,0.194,0.217
890,551,Papuan  ,0.3,0.243,0.172,0.284
891,552,Papuan  ,0.303,0.237,0.232,0.228
892,553,Papuan  ,0.248,0.243,0.276,0.232
893,554,Papuan  ,0.373,0.221,0.177,0.229
894,555,Papuan  ,0.246,0.242,0.282,0.23
895,556,Papuan  ,0.326,0.212,0.24,0.222
896,995,Karitiana  ,0.25,0.253,0.252,0.244
897,996,Karitiana  ,0.287,0.27,0.237,0.206
898,997,Karitiana  ,0.246,0.29,0.277,0.187
899,998,Karitiana  ,0.439,0.192,0.176,0.193
900,1000,Karitiana  ,0.285,0.222,0.285,0.207
901,1001,Karitiana  ,0.239,0.244,0.285,0.232
902,1003,Karitiana  ,0.207,0.247,0.237,0.309
903,1004,Karitiana  ,0.274,0.213,0.265,0.248
904,1005,Karitiana  ,0.231,0.23,0.306,0.233
905,1007,Karitiana  ,0.258,0.25,0.301,0.191
906,1008,Karitiana  ,0.195,0.245,0.234,0.325
907,1009,Karitiana  ,0.404,0.219,0.181,0.196
908,1010,Karitiana  ,0.239,0.263,0.239,0.258
909,1011,Karitiana  ,0.285,0.241,0.253,0.22
910,1016,Karitiana  ,0.226,0.282,0.23,0.262
911,1017,Karitiana  ,0.2,0.266,0.209,0.325
912,830,Surui  ,0.199,0.273,0.227,0.301
913,832,Surui  ,0.262,0.237,0.28,0.221
914,833,Surui  ,0.171,0.274,0.216,0.339
915,834,Surui  ,0.236,0.249,0.227,0.289
916,835,Surui  ,0.277,0.256,0.218,0.25
917,839,Surui  ,0.264,0.265,0.237,0.234
918,840,Surui  ,0.285,0.245,0.234,0.236
919,841,Surui  ,0.347,0.207,0.22,0.226
920,842,Surui  ,0.282,0.25,0.249,0.218
921,844,Surui  ,0.232,0.255,0.284,0.229
922,847,Surui  ,0.271,0.266,0.243,0.22
923,848,Surui  ,0.266,0.25,0.238,0.245
924,850,Surui  ,0.254,0.255,0.229,0.262
925,851,Surui  ,0.242,0.259,0.247,0.252
926,703,Colombian  ,0.19,0.257,0.234,0.32
927,704,Colombian  ,0.175,0.286,0.227,0.312
928,705,Colombian  ,0.18,0.285,0.216,0.319
929,706,Colombian  ,0.203,0.252,0.275,0.27
930,707,Colombian  ,0.183,0.291,0.236,0.29
931,708,Colombian  ,0.203,0.278,0.205,0.314
932,709,Colombian  ,0.205,0.26,0.269,0.265
933,710,Colombian  ,0.264,0.258,0.228,0.25
934,792,Colombian  ,0.322,0.249,0.208,0.222
935,793,Colombian  ,0.218,0.279,0.264,0.239
936,827,Colombian  ,0.209,0.235,0.291,0.265
937,970,Colombian  ,0.196,0.257,0.219,0.328
938,857,Maya  ,0.254,0.264,0.227,0.254
939,859,Maya  ,0.218,0.265,0.264,0.253
940,861,Maya  ,0.22,0.234,0.311,0.235
941,862,Maya  ,0.194,0.256,0.222,0.328
942,864,Maya  ,0.277,0.226,0.323,0.175
943,865,Maya  ,0.247,0.279,0.268,0.206
944,866,Maya  ,0.215,0.27,0.291,0.224
945,867,Maya  ,0.249,0.257,0.211,0.283
946,869,Maya  ,0.236,0.263,0.262,0.24
947,870,Maya  ,0.273,0.265,0.201,0.261
948,871,Maya  ,0.199,0.278,0.256,0.267
949,872,Maya  ,0.239,0.254,0.212,0.296
950,873,Maya  ,0.192,0.262,0.334,0.212
951,874,Maya  ,0.174,0.279,0.2,0.347
952,875,Maya  ,0.235,0.235,0.333,0.197
953,876,Maya  ,0.179,0.273,0.244,0.305
954,877,Maya  ,0.273,0.257,0.256,0.214
955,878,Maya  ,0.454,0.197,0.173,0.176
956,1037,Pima  ,0.252,0.23,0.272,0.246
957,1038,Pima  ,0.208,0.257,0.273,0.262
958,1039,Pima  ,0.189,0.262,0.305,0.245
959,1040,Pima  ,0.297,0.238,0.268,0.198
960,1041,Pima  ,0.245,0.257,0.247,0.251
961,1043,Pima  ,0.335,0.225,0.206,0.234
962,1044,Pima  ,0.334,0.211,0.217,0.238
963,1045,Pima  ,0.201,0.236,0.294,0.27
