individual,Sample,population,orange,blue,red,green
1,993,Bantu (S. Africa),0.953,0.025,0.016,0.007
2,1028,Bantu (S. Africa),0.917,0.031,0.032,0.02
3,1030,Bantu (S. Africa),0.926,0.027,0.021,0.026
4,1031,Bantu (S. Africa),0.912,0.04,0.02,0.028
5,1033,Bantu (S. Africa),0.878,0.074,0.031,0.017
6,1034,Bantu (S. Africa),0.871,0.103,0.015,0.011
7,1035,Bantu (S. Africa),0.936,0.043,0.014,0.007
8,1405,Bantu (Kenya) ,0.9,0.048,0.03,0.023
9,1406,Bantu (Kenya) ,0.806,0.125,0.055,0.014
10,1408,Bantu (Kenya) ,0.82,0.093,0.032,0.055
11,1411,Bantu (Kenya) ,0.836,0.13,0.02,0.015
12,1412,Bantu (Kenya) ,0.889,0.069,0.023,0.02
13,1413,Bantu (Kenya) ,0.833,0.138,0.011,0.018
14,1414,Bantu (Kenya) ,0.829,0.122,0.021,0.028
15,1415,Bantu (Kenya) ,0.812,0.118,0.039,0.03
16,1416,Bantu (Kenya) ,0.82,0.114,0.045,0.021
17,1417,Bantu (Kenya) ,0.896,0.073,0.013,0.017
18,1418,Bantu (Kenya) ,0.866,0.093,0.016,0.024
19,1419,Bantu (Kenya) ,0.907,0.052,0.017,0.024
20,904,Mandenka  ,0.923,0.029,0.022,0.026
21,905,Mandenka  ,0.857,0.047,0.061,0.035
22,907,Mandenka  ,0.918,0.049,0.02,0.013
23,908,Mandenka  ,0.916,0.05,0.017,0.017
24,909,Mandenka  ,0.927,0.034,0.028,0.011
25,910,Mandenka  ,0.89,0.085,0.014,0.011
26,912,Mandenka  ,0.844,0.081,0.064,0.012
27,914,Mandenka  ,0.919,0.026,0.022,0.033
28,915,Mandenka  ,0.938,0.024,0.021,0.017
29,916,Mandenka  ,0.896,0.038,0.032,0.034
30,917,Mandenka  ,0.913,0.045,0.029,0.013
31,918,Mandenka  ,0.914,0.056,0.019,0.01
32,919,Mandenka  ,0.924,0.035,0.023,0.018
33,1199,Mandenka  ,0.944,0.026,0.018,0.012
34,1200,Mandenka  ,0.846,0.062,0.042,0.051
35,1201,Mandenka  ,0.871,0.096,0.018,0.015
36,1202,Mandenka  ,0.908,0.032,0.033,0.026
37,1283,Mandenka  ,0.914,0.033,0.041,0.012
38,1284,Mandenka  ,0.913,0.032,0.026,0.028
39,1285,Mandenka  ,0.914,0.041,0.022,0.023
40,1286,Mandenka  ,0.892,0.036,0.041,0.031
41,920,Yoruba  ,0.911,0.032,0.029,0.029
42,921,Yoruba  ,0.919,0.018,0.04,0.023
43,922,Yoruba  ,0.958,0.016,0.014,0.012
44,923,Yoruba  ,0.96,0.019,0.011,0.01
45,924,Yoruba  ,0.907,0.057,0.019,0.016
46,925,Yoruba  ,0.957,0.017,0.011,0.015
47,926,Yoruba  ,0.919,0.046,0.023,0.012
48,927,Yoruba  ,0.901,0.016,0.031,0.052
49,928,Yoruba  ,0.939,0.025,0.023,0.013
50,929,Yoruba  ,0.88,0.08,0.021,0.018
51,930,Yoruba  ,0.867,0.093,0.02,0.019
52,931,Yoruba  ,0.883,0.039,0.04,0.038
53,932,Yoruba  ,0.899,0.059,0.026,0.015
54,933,Yoruba  ,0.918,0.032,0.035,0.016
55,934,Yoruba  ,0.907,0.034,0.032,0.027
56,935,Yoruba  ,0.926,0.03,0.031,0.013
57,936,Yoruba  ,0.942,0.022,0.018,0.018
58,937,Yoruba  ,0.932,0.045,0.013,0.01
59,938,Yoruba  ,0.849,0.078,0.029,0.045
60,940,Yoruba  ,0.866,0.079,0.013,0.042
61,941,Yoruba  ,0.911,0.039,0.026,0.024
62,942,Yoruba  ,0.93,0.036,0.016,0.019
63,943,Yoruba  ,0.936,0.02,0.025,0.019
64,988,San  ,0.837,0.1,0.038,0.025
65,448,Biaka Pygmy ,0.913,0.013,0.057,0.017
66,451,Biaka Pygmy ,0.887,0.056,0.037,0.02
67,473,Biaka Pygmy ,0.933,0.028,0.023,0.016
68,475,Biaka Pygmy ,0.923,0.019,0.037,0.022
69,477,Biaka Pygmy ,0.945,0.008,0.015,0.032
70,479,Biaka Pygmy ,0.951,0.022,0.015,0.012
71,985,Biaka Pygmy ,0.914,0.044,0.022,0.02
72,986,Biaka Pygmy ,0.931,0.022,0.022,0.026
73,1084,Biaka Pygmy ,0.96,0.01,0.014,0.016
74,1085,Biaka Pygmy ,0.953,0.019,0.018,0.01
75,1086,Biaka Pygmy ,0.922,0.03,0.023,0.025
76,1088,Biaka Pygmy ,0.929,0.042,0.012,0.016
77,1089,Biaka Pygmy ,0.953,0.016,0.02,0.012
78,1090,Biaka Pygmy ,0.964,0.013,0.015,0.007
79,1091,Biaka Pygmy ,0.923,0.02,0.038,0.019
80,1093,Biaka Pygmy ,0.958,0.01,0.017,0.015
81,1094,Biaka Pygmy ,0.885,0.073,0.026,0.016
82,449,Mbuti Pygmy ,0.915,0.051,0.023,0.01
83,450,Mbuti Pygmy ,0.949,0.025,0.017,0.01
84,462,Mbuti Pygmy ,0.933,0.02,0.034,0.013
85,463,Mbuti Pygmy ,0.941,0.025,0.019,0.015
86,467,Mbuti Pygmy ,0.931,0.019,0.031,0.019
87,468,Mbuti Pygmy ,0.944,0.02,0.021,0.015
88,471,Mbuti Pygmy ,0.945,0.023,0.021,0.011
89,474,Mbuti Pygmy ,0.928,0.03,0.029,0.013
90,478,Mbuti Pygmy ,0.943,0.019,0.025,0.014
91,982,Mbuti Pygmy ,0.912,0.048,0.029,0.011
92,983,Mbuti Pygmy ,0.935,0.023,0.028,0.014
93,984,Mbuti Pygmy ,0.919,0.018,0.026,0.037
94,1081,Mbuti Pygmy ,0.927,0.022,0.013,0.038
95,794,Orcadian  ,0.017,0.857,0.075,0.052
96,795,Orcadian  ,0.016,0.886,0.032,0.067
97,796,Orcadian  ,0.017,0.854,0.073,0.056
98,797,Orcadian  ,0.042,0.822,0.086,0.049
99,798,Orcadian  ,0.018,0.886,0.051,0.046
100,799,Orcadian  ,0.013,0.85,0.076,0.061
101,800,Orcadian  ,0.023,0.862,0.078,0.037
102,801,Orcadian  ,0.017,0.871,0.055,0.056
103,802,Orcadian  ,0.026,0.828,0.094,0.053
104,803,Orcadian  ,0.03,0.849,0.058,0.063
105,804,Orcadian  ,0.013,0.866,0.038,0.083
106,805,Orcadian  ,0.01,0.868,0.057,0.065
107,806,Orcadian  ,0.045,0.808,0.092,0.055
108,807,Orcadian  ,0.012,0.906,0.043,0.039
109,808,Orcadian  ,0.016,0.783,0.135,0.066
110,810,Orcadian  ,0.023,0.833,0.073,0.071
111,1381,Adygei  ,0.024,0.796,0.134,0.046
112,1382,Adygei  ,0.043,0.782,0.141,0.034
113,1383,Adygei  ,0.067,0.73,0.155,0.048
114,1384,Adygei  ,0.014,0.795,0.163,0.028
115,1385,Adygei  ,0.021,0.795,0.129,0.054
116,1386,Adygei  ,0.011,0.85,0.098,0.041
117,1387,Adygei  ,0.018,0.839,0.082,0.061
118,1388,Adygei  ,0.021,0.813,0.108,0.057
119,1396,Adygei  ,0.01,0.796,0.141,0.053
120,1397,Adygei  ,0.033,0.708,0.198,0.061
121,1398,Adygei  ,0.029,0.785,0.144,0.042
122,1399,Adygei  ,0.029,0.77,0.167,0.034
123,1400,Adygei  ,0.011,0.791,0.096,0.102
124,1401,Adygei  ,0.015,0.825,0.104,0.057
125,1402,Adygei  ,0.012,0.82,0.111,0.058
126,1403,Adygei  ,0.033,0.813,0.082,0.072
127,1404,Adygei  ,0.013,0.792,0.156,0.039
128,879,Russian  ,0.016,0.792,0.159,0.034
129,880,Russian  ,0.04,0.661,0.221,0.078
130,881,Russian  ,0.011,0.781,0.149,0.06
131,882,Russian  ,0.017,0.759,0.115,0.109
132,883,Russian  ,0.011,0.811,0.141,0.037
133,884,Russian  ,0.035,0.782,0.158,0.024
134,885,Russian  ,0.014,0.775,0.107,0.105
135,886,Russian  ,0.015,0.818,0.101,0.067
136,887,Russian  ,0.018,0.753,0.155,0.073
137,888,Russian  ,0.03,0.725,0.199,0.047
138,889,Russian  ,0.028,0.816,0.108,0.048
139,890,Russian  ,0.028,0.741,0.145,0.085
140,891,Russian  ,0.01,0.735,0.174,0.081
141,892,Russian  ,0.011,0.764,0.202,0.024
142,893,Russian  ,0.017,0.764,0.154,0.065
143,894,Russian  ,0.023,0.805,0.139,0.033
144,895,Russian  ,0.02,0.78,0.094,0.106
145,896,Russian  ,0.035,0.769,0.155,0.04
146,897,Russian  ,0.061,0.753,0.104,0.082
147,898,Russian  ,0.029,0.817,0.102,0.052
148,899,Russian  ,0.017,0.789,0.17,0.024
149,900,Russian  ,0.021,0.824,0.042,0.113
150,901,Russian  ,0.023,0.747,0.153,0.077
151,902,Russian  ,0.019,0.762,0.173,0.046
152,903,Russian  ,0.011,0.768,0.15,0.071
153,1357,Basque  ,0.021,0.823,0.079,0.078
154,1358,Basque  ,0.016,0.906,0.048,0.03
155,1359,Basque  ,0.038,0.882,0.035,0.045
156,1360,Basque  ,0.009,0.891,0.07,0.03
157,1361,Basque  ,0.017,0.913,0.045,0.025
158,1362,Basque  ,0.049,0.848,0.077,0.026
159,1363,Basque  ,0.01,0.886,0.078,0.026
160,1364,Basque  ,0.016,0.863,0.09,0.031
161,1365,Basque  ,0.026,0.842,0.095,0.038
162,1366,Basque  ,0.019,0.888,0.046,0.047
163,1367,Basque  ,0.01,0.861,0.085,0.043
164,1368,Basque  ,0.02,0.932,0.027,0.021
165,1369,Basque  ,0.011,0.88,0.05,0.059
166,1370,Basque  ,0.014,0.855,0.095,0.037
167,1372,Basque  ,0.008,0.849,0.12,0.023
168,1373,Basque  ,0.03,0.867,0.038,0.065
169,1374,Basque  ,0.016,0.824,0.078,0.083
170,1375,Basque  ,0.01,0.854,0.101,0.035
171,1376,Basque  ,0.03,0.888,0.059,0.024
172,1377,Basque  ,0.027,0.873,0.028,0.072
173,1378,Basque  ,0.029,0.849,0.097,0.026
174,1379,Basque  ,0.041,0.858,0.044,0.057
175,1380,Basque  ,0.008,0.855,0.062,0.074
176,515,French  ,0.022,0.828,0.108,0.041
177,516,French  ,0.036,0.846,0.081,0.037
178,517,French  ,0.025,0.859,0.047,0.069
179,518,French  ,0.027,0.895,0.048,0.029
180,519,French  ,0.012,0.834,0.113,0.041
181,520,French  ,0.019,0.874,0.053,0.054
182,521,French  ,0.027,0.883,0.067,0.023
183,522,French  ,0.013,0.765,0.142,0.08
184,523,French  ,0.019,0.863,0.065,0.053
185,524,French  ,0.012,0.869,0.036,0.083
186,525,French  ,0.021,0.842,0.045,0.093
187,526,French  ,0.012,0.882,0.053,0.054
188,527,French  ,0.024,0.824,0.113,0.038
189,528,French  ,0.012,0.872,0.087,0.029
190,529,French  ,0.035,0.83,0.092,0.043
191,530,French  ,0.02,0.787,0.129,0.064
192,531,French  ,0.057,0.779,0.126,0.039
193,532,French  ,0.016,0.899,0.067,0.019
194,533,French  ,0.016,0.869,0.07,0.045
195,534,French  ,0.014,0.844,0.094,0.048
196,535,French  ,0.016,0.85,0.067,0.067
197,536,French  ,0.039,0.864,0.079,0.018
198,537,French  ,0.025,0.761,0.082,0.133
199,538,French  ,0.028,0.857,0.067,0.048
200,539,French  ,0.01,0.894,0.035,0.061
201,1147,Italian  ,0.019,0.894,0.067,0.02
202,1149,Italian  ,0.025,0.878,0.041,0.056
203,1151,Italian  ,0.062,0.8,0.115,0.023
204,1152,Italian  ,0.009,0.92,0.029,0.042
205,1153,Italian  ,0.037,0.871,0.066,0.026
206,1155,Italian  ,0.023,0.819,0.138,0.02
207,1156,Italian  ,0.015,0.859,0.068,0.058
208,1157,Italian  ,0.066,0.79,0.094,0.05
209,1171,Italian  ,0.019,0.86,0.087,0.034
210,1172,Italian  ,0.029,0.86,0.07,0.041
211,1173,Italian  ,0.015,0.87,0.077,0.038
212,1174,Italian  ,0.012,0.92,0.048,0.02
213,1177,Italian  ,0.026,0.893,0.046,0.035
214,665,Sardinian  ,0.013,0.884,0.044,0.059
215,666,Sardinian  ,0.022,0.828,0.078,0.072
216,667,Sardinian  ,0.026,0.874,0.077,0.023
217,668,Sardinian  ,0.021,0.858,0.061,0.06
218,669,Sardinian  ,0.02,0.936,0.022,0.022
219,670,Sardinian  ,0.022,0.866,0.078,0.034
220,671,Sardinian  ,0.014,0.905,0.064,0.017
221,672,Sardinian  ,0.023,0.867,0.065,0.046
222,673,Sardinian  ,0.017,0.898,0.031,0.054
223,674,Sardinian  ,0.036,0.874,0.058,0.032
224,1062,Sardinian  ,0.025,0.908,0.046,0.022
225,1063,Sardinian  ,0.017,0.88,0.085,0.018
226,1064,Sardinian  ,0.036,0.871,0.052,0.041
227,1065,Sardinian  ,0.049,0.822,0.093,0.035
228,1066,Sardinian  ,0.058,0.859,0.049,0.035
229,1067,Sardinian  ,0.039,0.862,0.061,0.038
230,1068,Sardinian  ,0.035,0.856,0.05,0.059
231,1069,Sardinian  ,0.018,0.907,0.054,0.02
232,1070,Sardinian  ,0.017,0.901,0.063,0.019
233,1071,Sardinian  ,0.021,0.855,0.086,0.038
234,1072,Sardinian  ,0.013,0.907,0.028,0.053
235,1073,Sardinian  ,0.036,0.87,0.073,0.021
236,1074,Sardinian  ,0.028,0.942,0.021,0.009
237,1075,Sardinian  ,0.019,0.876,0.088,0.016
238,1076,Sardinian  ,0.043,0.865,0.048,0.044
239,1077,Sardinian  ,0.021,0.859,0.095,0.025
240,1078,Sardinian  ,0.02,0.924,0.036,0.021
241,1079,Sardinian  ,0.054,0.888,0.031,0.027
242,1161,Tuscan  ,0.036,0.849,0.044,0.072
243,1162,Tuscan  ,0.022,0.892,0.032,0.053
244,1163,Tuscan  ,0.038,0.847,0.049,0.065
245,1164,Tuscan  ,0.041,0.825,0.06,0.075
246,1166,Tuscan  ,0.012,0.916,0.032,0.039
247,1167,Tuscan  ,0.012,0.89,0.058,0.041
248,1168,Tuscan  ,0.019,0.899,0.064,0.018
249,1169,Tuscan  ,0.05,0.801,0.124,0.024
250,1253,Mozabite  ,0.261,0.63,0.076,0.033
251,1254,Mozabite  ,0.227,0.703,0.043,0.027
252,1255,Mozabite  ,0.264,0.656,0.037,0.043
253,1256,Mozabite  ,0.222,0.699,0.058,0.022
254,1257,Mozabite  ,0.281,0.681,0.025,0.012
255,1258,Mozabite  ,0.213,0.683,0.077,0.026
256,1259,Mozabite  ,0.193,0.706,0.064,0.037
257,1260,Mozabite  ,0.29,0.65,0.032,0.028
258,1261,Mozabite  ,0.371,0.53,0.063,0.036
259,1262,Mozabite  ,0.209,0.663,0.113,0.015
260,1263,Mozabite  ,0.195,0.657,0.121,0.027
261,1265,Mozabite  ,0.209,0.706,0.046,0.04
262,1266,Mozabite  ,0.3,0.629,0.053,0.018
263,1268,Mozabite  ,0.225,0.661,0.064,0.05
264,1269,Mozabite  ,0.202,0.707,0.042,0.049
265,1270,Mozabite  ,0.682,0.232,0.066,0.02
266,1271,Mozabite  ,0.58,0.333,0.041,0.046
267,1272,Mozabite  ,0.222,0.669,0.067,0.042
268,1273,Mozabite  ,0.224,0.671,0.054,0.051
269,1275,Mozabite  ,0.238,0.686,0.06,0.017
270,1276,Mozabite  ,0.283,0.64,0.063,0.014
271,1277,Mozabite  ,0.182,0.704,0.084,0.029
272,1278,Mozabite  ,0.225,0.729,0.02,0.026
273,1280,Mozabite  ,0.212,0.741,0.034,0.013
274,1281,Mozabite  ,0.218,0.739,0.03,0.013
275,1282,Mozabite  ,0.224,0.722,0.032,0.023
276,607,Bedouin  ,0.107,0.791,0.05,0.052
277,608,Bedouin  ,0.062,0.859,0.054,0.025
278,609,Bedouin  ,0.139,0.712,0.104,0.045
279,610,Bedouin  ,0.081,0.822,0.039,0.058
280,611,Bedouin  ,0.173,0.657,0.153,0.018
281,612,Bedouin  ,0.03,0.886,0.067,0.017
282,613,Bedouin  ,0.096,0.812,0.053,0.039
283,614,Bedouin  ,0.067,0.805,0.085,0.043
284,615,Bedouin  ,0.068,0.792,0.088,0.052
285,616,Bedouin  ,0.047,0.874,0.044,0.035
286,617,Bedouin  ,0.133,0.735,0.068,0.064
287,618,Bedouin  ,0.059,0.83,0.091,0.021
288,619,Bedouin  ,0.106,0.805,0.046,0.043
289,620,Bedouin  ,0.152,0.77,0.047,0.031
290,621,Bedouin  ,0.701,0.162,0.105,0.032
291,622,Bedouin  ,0.084,0.831,0.068,0.018
292,623,Bedouin  ,0.1,0.773,0.108,0.019
293,624,Bedouin  ,0.109,0.793,0.03,0.067
294,625,Bedouin  ,0.092,0.738,0.077,0.093
295,626,Bedouin  ,0.029,0.795,0.142,0.034
296,627,Bedouin  ,0.144,0.781,0.059,0.017
297,628,Bedouin  ,0.108,0.732,0.084,0.076
298,629,Bedouin  ,0.162,0.76,0.048,0.03
299,630,Bedouin  ,0.098,0.823,0.049,0.03
300,631,Bedouin  ,0.037,0.83,0.103,0.03
301,632,Bedouin  ,0.161,0.754,0.072,0.013
302,633,Bedouin  ,0.05,0.861,0.052,0.037
303,634,Bedouin  ,0.176,0.746,0.031,0.047
304,635,Bedouin  ,0.132,0.753,0.06,0.054
305,636,Bedouin  ,0.12,0.801,0.057,0.022
306,637,Bedouin  ,0.139,0.742,0.062,0.056
307,638,Bedouin  ,0.173,0.716,0.054,0.057
308,639,Bedouin  ,0.051,0.852,0.032,0.065
309,640,Bedouin  ,0.168,0.745,0.049,0.037
310,641,Bedouin  ,0.064,0.871,0.031,0.034
311,642,Bedouin  ,0.077,0.844,0.043,0.036
312,643,Bedouin  ,0.089,0.812,0.065,0.034
313,644,Bedouin  ,0.092,0.835,0.057,0.016
314,645,Bedouin  ,0.166,0.731,0.081,0.022
315,646,Bedouin  ,0.181,0.783,0.021,0.015
316,647,Bedouin  ,0.152,0.737,0.077,0.033
317,648,Bedouin  ,0.093,0.815,0.03,0.063
318,649,Bedouin  ,0.082,0.831,0.068,0.019
319,650,Bedouin  ,0.031,0.875,0.073,0.021
320,651,Bedouin  ,0.064,0.809,0.107,0.02
321,653,Bedouin  ,0.056,0.838,0.042,0.063
322,654,Bedouin  ,0.078,0.778,0.087,0.057
323,701,Bedouin  ,0.044,0.875,0.057,0.024
324,557,Druze  ,0.029,0.872,0.079,0.019
325,558,Druze  ,0.039,0.86,0.038,0.063
326,559,Druze  ,0.032,0.793,0.102,0.073
327,560,Druze  ,0.036,0.869,0.045,0.05
328,561,Druze  ,0.022,0.829,0.1,0.049
329,562,Druze  ,0.026,0.876,0.052,0.046
330,563,Druze  ,0.036,0.848,0.082,0.035
331,564,Druze  ,0.025,0.889,0.057,0.029
332,565,Druze  ,0.054,0.846,0.062,0.037
333,566,Druze  ,0.033,0.823,0.095,0.05
334,567,Druze  ,0.026,0.892,0.026,0.056
335,568,Druze  ,0.013,0.905,0.062,0.02
336,569,Druze  ,0.045,0.849,0.051,0.055
337,570,Druze  ,0.04,0.922,0.026,0.013
338,571,Druze  ,0.03,0.888,0.036,0.046
339,572,Druze  ,0.026,0.87,0.067,0.037
340,573,Druze  ,0.036,0.892,0.029,0.043
341,574,Druze  ,0.016,0.941,0.02,0.023
342,575,Druze  ,0.025,0.889,0.028,0.058
343,576,Druze  ,0.083,0.811,0.078,0.028
344,577,Druze  ,0.021,0.939,0.026,0.014
345,578,Druze  ,0.05,0.831,0.067,0.052
346,579,Druze  ,0.071,0.786,0.119,0.024
347,580,Druze  ,0.066,0.842,0.071,0.021
348,581,Druze  ,0.018,0.904,0.04,0.038
349,582,Druze  ,0.015,0.896,0.05,0.038
350,583,Druze  ,0.024,0.883,0.019,0.074
351,584,Druze  ,0.058,0.777,0.11,0.055
352,585,Druze  ,0.016,0.86,0.075,0.048
353,586,Druze  ,0.02,0.824,0.135,0.022
354,587,Druze  ,0.034,0.815,0.11,0.041
355,588,Druze  ,0.02,0.891,0.054,0.034
356,590,Druze  ,0.021,0.891,0.053,0.035
357,591,Druze  ,0.054,0.879,0.032,0.035
358,592,Druze  ,0.018,0.902,0.053,0.027
359,594,Druze  ,0.028,0.877,0.075,0.019
360,595,Druze  ,0.028,0.888,0.038,0.045
361,598,Druze  ,0.023,0.913,0.052,0.012
362,599,Druze  ,0.045,0.877,0.035,0.043
363,600,Druze  ,0.042,0.81,0.095,0.054
364,601,Druze  ,0.059,0.856,0.038,0.047
365,602,Druze  ,0.066,0.793,0.045,0.096
366,603,Druze  ,0.047,0.828,0.065,0.059
367,604,Druze  ,0.035,0.894,0.033,0.039
368,605,Druze  ,0.029,0.897,0.034,0.04
369,606,Druze  ,0.056,0.908,0.014,0.022
370,675,Palestinian  ,0.113,0.76,0.105,0.023
371,676,Palestinian  ,0.053,0.843,0.065,0.04
372,677,Palestinian  ,0.093,0.749,0.115,0.042
373,678,Palestinian  ,0.064,0.809,0.092,0.035
374,679,Palestinian  ,0.081,0.814,0.074,0.031
375,680,Palestinian  ,0.066,0.789,0.105,0.041
376,681,Palestinian  ,0.085,0.811,0.05,0.054
377,682,Palestinian  ,0.084,0.845,0.044,0.027
378,683,Palestinian  ,0.034,0.773,0.161,0.032
379,684,Palestinian  ,0.096,0.771,0.091,0.042
380,685,Palestinian  ,0.147,0.76,0.066,0.027
381,686,Palestinian  ,0.071,0.844,0.034,0.051
382,687,Palestinian  ,0.063,0.805,0.076,0.056
383,688,Palestinian  ,0.1,0.794,0.08,0.027
384,689,Palestinian  ,0.034,0.821,0.105,0.04
385,690,Palestinian  ,0.044,0.81,0.124,0.023
386,691,Palestinian  ,0.042,0.808,0.118,0.033
387,692,Palestinian  ,0.142,0.691,0.152,0.015
388,693,Palestinian  ,0.057,0.789,0.065,0.089
389,694,Palestinian  ,0.13,0.759,0.088,0.023
390,695,Palestinian  ,0.094,0.801,0.081,0.023
391,696,Palestinian  ,0.081,0.813,0.085,0.021
392,697,Palestinian  ,0.094,0.788,0.058,0.059
393,698,Palestinian  ,0.105,0.789,0.084,0.022
394,699,Palestinian  ,0.05,0.816,0.106,0.027
395,700,Palestinian  ,0.087,0.862,0.028,0.023
396,722,Palestinian  ,0.055,0.809,0.115,0.02
397,723,Palestinian  ,0.09,0.801,0.072,0.037
398,724,Palestinian  ,0.15,0.741,0.083,0.026
399,725,Palestinian  ,0.077,0.79,0.107,0.026
400,726,Palestinian  ,0.161,0.787,0.033,0.019
401,727,Palestinian  ,0.118,0.777,0.057,0.048
402,728,Palestinian  ,0.092,0.784,0.061,0.063
403,729,Palestinian  ,0.078,0.813,0.093,0.016
404,730,Palestinian  ,0.102,0.816,0.041,0.041
405,731,Palestinian  ,0.102,0.741,0.092,0.065
406,732,Palestinian  ,0.048,0.861,0.059,0.032
407,733,Palestinian  ,0.052,0.775,0.138,0.035
408,734,Palestinian  ,0.053,0.832,0.094,0.021
409,735,Palestinian  ,0.125,0.797,0.04,0.039
410,736,Palestinian  ,0.095,0.814,0.045,0.046
411,737,Palestinian  ,0.06,0.802,0.109,0.028
412,738,Palestinian  ,0.119,0.762,0.081,0.037
413,739,Palestinian  ,0.107,0.781,0.073,0.039
414,740,Palestinian  ,0.053,0.828,0.092,0.027
415,741,Palestinian  ,0.09,0.827,0.044,0.04
416,742,Palestinian  ,0.049,0.816,0.087,0.047
417,743,Palestinian  ,0.097,0.796,0.086,0.021
418,744,Palestinian  ,0.16,0.685,0.1,0.055
419,745,Palestinian  ,0.055,0.86,0.031,0.054
420,746,Palestinian  ,0.123,0.764,0.055,0.058
421,52,Balochi  ,0.037,0.775,0.13,0.058
422,54,Balochi  ,0.017,0.806,0.142,0.035
423,56,Balochi  ,0.017,0.698,0.199,0.087
424,57,Balochi  ,0.127,0.659,0.17,0.043
425,58,Balochi  ,0.055,0.729,0.112,0.104
426,60,Balochi  ,0.122,0.699,0.123,0.056
427,62,Balochi  ,0.038,0.787,0.136,0.039
428,64,Balochi  ,0.04,0.825,0.076,0.058
429,66,Balochi  ,0.017,0.815,0.06,0.107
430,68,Balochi  ,0.016,0.759,0.193,0.032
431,70,Balochi  ,0.041,0.631,0.253,0.075
432,72,Balochi  ,0.026,0.79,0.132,0.051
433,74,Balochi  ,0.023,0.762,0.166,0.049
434,76,Balochi  ,0.149,0.719,0.048,0.084
435,78,Balochi  ,0.044,0.835,0.04,0.081
436,80,Balochi  ,0.024,0.784,0.14,0.052
437,82,Balochi  ,0.019,0.807,0.107,0.067
438,84,Balochi  ,0.028,0.784,0.081,0.108
439,86,Balochi  ,0.066,0.765,0.104,0.064
440,88,Balochi  ,0.034,0.738,0.167,0.061
441,90,Balochi  ,0.048,0.74,0.184,0.028
442,92,Balochi  ,0.022,0.703,0.195,0.08
443,94,Balochi  ,0.031,0.8,0.12,0.049
444,96,Balochi  ,0.056,0.713,0.132,0.099
445,98,Balochi  ,0.077,0.692,0.173,0.058
446,1,Brahui  ,0.02,0.817,0.105,0.058
447,3,Brahui  ,0.037,0.802,0.078,0.083
448,5,Brahui  ,0.027,0.734,0.141,0.098
449,7,Brahui  ,0.047,0.716,0.175,0.062
450,9,Brahui  ,0.024,0.765,0.109,0.102
451,11,Brahui  ,0.039,0.796,0.12,0.044
452,13,Brahui  ,0.224,0.621,0.105,0.05
453,15,Brahui  ,0.024,0.742,0.166,0.068
454,17,Brahui  ,0.055,0.778,0.141,0.026
455,19,Brahui  ,0.048,0.734,0.172,0.046
456,21,Brahui  ,0.062,0.818,0.055,0.065
457,23,Brahui  ,0.028,0.748,0.164,0.06
458,25,Brahui  ,0.03,0.721,0.189,0.06
459,27,Brahui  ,0.065,0.753,0.133,0.05
460,29,Brahui  ,0.149,0.658,0.134,0.059
461,31,Brahui  ,0.012,0.796,0.131,0.061
462,33,Brahui  ,0.032,0.821,0.101,0.046
463,35,Brahui  ,0.02,0.751,0.155,0.074
464,37,Brahui  ,0.013,0.759,0.184,0.043
465,39,Brahui  ,0.04,0.763,0.123,0.074
466,41,Brahui  ,0.028,0.818,0.072,0.082
467,43,Brahui  ,0.058,0.796,0.087,0.058
468,45,Brahui  ,0.019,0.803,0.117,0.061
469,47,Brahui  ,0.088,0.722,0.137,0.053
470,49,Brahui  ,0.043,0.766,0.113,0.079
471,130,Makrani  ,0.38,0.39,0.166,0.064
472,131,Makrani  ,0.049,0.781,0.134,0.037
473,133,Makrani  ,0.036,0.792,0.104,0.069
474,134,Makrani  ,0.123,0.71,0.119,0.047
475,135,Makrani  ,0.035,0.79,0.135,0.04
476,136,Makrani  ,0.089,0.709,0.136,0.066
477,137,Makrani  ,0.037,0.813,0.066,0.084
478,139,Makrani  ,0.125,0.613,0.195,0.067
479,140,Makrani  ,0.088,0.669,0.168,0.075
480,141,Makrani  ,0.036,0.705,0.211,0.048
481,143,Makrani  ,0.039,0.75,0.172,0.039
482,144,Makrani  ,0.036,0.749,0.156,0.059
483,145,Makrani  ,0.067,0.772,0.112,0.049
484,146,Makrani  ,0.032,0.809,0.141,0.017
485,148,Makrani  ,0.059,0.712,0.159,0.07
486,149,Makrani  ,0.09,0.699,0.137,0.075
487,150,Makrani  ,0.216,0.611,0.117,0.056
488,151,Makrani  ,0.103,0.696,0.186,0.015
489,153,Makrani  ,0.073,0.74,0.146,0.041
490,154,Makrani  ,0.064,0.751,0.135,0.05
491,155,Makrani  ,0.019,0.792,0.136,0.054
492,157,Makrani  ,0.076,0.753,0.114,0.057
493,158,Makrani  ,0.047,0.814,0.095,0.044
494,160,Makrani  ,0.042,0.822,0.06,0.077
495,161,Makrani  ,0.083,0.752,0.137,0.028
496,213,Pathan  ,0.021,0.765,0.174,0.041
497,214,Pathan  ,0.022,0.834,0.097,0.047
498,216,Pathan  ,0.025,0.648,0.26,0.067
499,218,Pathan  ,0.023,0.745,0.183,0.048
500,222,Pathan  ,0.022,0.698,0.189,0.09
501,224,Pathan  ,0.023,0.658,0.213,0.105
502,226,Pathan  ,0.031,0.737,0.162,0.07
503,228,Pathan  ,0.029,0.635,0.261,0.074
504,230,Pathan  ,0.017,0.687,0.174,0.122
505,232,Pathan  ,0.029,0.672,0.227,0.073
506,234,Pathan  ,0.054,0.715,0.175,0.056
507,237,Pathan  ,0.06,0.631,0.25,0.059
508,239,Pathan  ,0.028,0.695,0.251,0.027
509,241,Pathan  ,0.036,0.779,0.134,0.051
510,243,Pathan  ,0.02,0.718,0.177,0.084
511,247,Pathan  ,0.065,0.635,0.195,0.105
512,248,Pathan  ,0.047,0.696,0.197,0.061
513,251,Pathan  ,0.022,0.69,0.223,0.066
514,254,Pathan  ,0.023,0.702,0.199,0.076
515,258,Pathan  ,0.036,0.688,0.214,0.062
516,259,Pathan  ,0.016,0.727,0.164,0.093
517,262,Pathan  ,0.011,0.795,0.122,0.072
518,264,Pathan  ,0.052,0.711,0.172,0.065
519,163,Sindhi  ,0.089,0.712,0.148,0.051
520,165,Sindhi  ,0.091,0.715,0.125,0.07
521,167,Sindhi  ,0.025,0.699,0.176,0.1
522,169,Sindhi  ,0.018,0.729,0.185,0.068
523,171,Sindhi  ,0.035,0.649,0.228,0.087
524,173,Sindhi  ,0.143,0.654,0.181,0.022
525,177,Sindhi  ,0.091,0.707,0.17,0.032
526,179,Sindhi  ,0.052,0.737,0.148,0.062
527,181,Sindhi  ,0.018,0.665,0.203,0.114
528,183,Sindhi  ,0.027,0.647,0.233,0.093
529,185,Sindhi  ,0.042,0.715,0.161,0.083
530,187,Sindhi  ,0.033,0.681,0.178,0.107
531,189,Sindhi  ,0.013,0.699,0.226,0.062
532,191,Sindhi  ,0.013,0.734,0.178,0.076
533,192,Sindhi  ,0.023,0.709,0.187,0.081
534,195,Sindhi  ,0.023,0.688,0.246,0.043
535,197,Sindhi  ,0.031,0.726,0.161,0.083
536,199,Sindhi  ,0.044,0.784,0.133,0.039
537,201,Sindhi  ,0.035,0.782,0.088,0.095
538,203,Sindhi  ,0.019,0.677,0.205,0.099
539,205,Sindhi  ,0.051,0.763,0.136,0.05
540,206,Sindhi  ,0.048,0.685,0.218,0.049
541,208,Sindhi  ,0.018,0.725,0.16,0.098
542,210,Sindhi  ,0.028,0.746,0.184,0.042
543,336,Burusho  ,0.026,0.625,0.239,0.11
544,338,Burusho  ,0.013,0.59,0.296,0.101
545,341,Burusho  ,0.022,0.654,0.225,0.099
546,346,Burusho  ,0.045,0.602,0.28,0.073
547,351,Burusho  ,0.025,0.618,0.228,0.129
548,356,Burusho  ,0.012,0.678,0.278,0.032
549,359,Burusho  ,0.06,0.657,0.212,0.07
550,364,Burusho  ,0.03,0.648,0.251,0.07
551,371,Burusho  ,0.027,0.648,0.26,0.065
552,372,Burusho  ,0.026,0.598,0.299,0.077
553,376,Burusho  ,0.027,0.606,0.274,0.092
554,382,Burusho  ,0.05,0.598,0.253,0.098
555,388,Burusho  ,0.047,0.566,0.286,0.102
556,392,Burusho  ,0.029,0.581,0.312,0.078
557,397,Burusho  ,0.02,0.631,0.26,0.089
558,402,Burusho  ,0.014,0.704,0.174,0.109
559,407,Burusho  ,0.043,0.597,0.272,0.088
560,412,Burusho  ,0.019,0.653,0.239,0.089
561,417,Burusho  ,0.026,0.611,0.265,0.098
562,423,Burusho  ,0.041,0.585,0.254,0.119
563,428,Burusho  ,0.021,0.586,0.265,0.128
564,433,Burusho  ,0.02,0.629,0.261,0.09
565,438,Burusho  ,0.032,0.629,0.281,0.057
566,444,Burusho  ,0.02,0.596,0.317,0.067
567,445,Burusho  ,0.032,0.624,0.269,0.075
568,99,Hazara  ,0.01,0.507,0.427,0.055
569,100,Hazara  ,0.017,0.439,0.459,0.085
570,102,Hazara  ,0.012,0.426,0.444,0.118
571,103,Hazara  ,0.011,0.449,0.458,0.083
572,104,Hazara  ,0.011,0.515,0.344,0.13
573,105,Hazara  ,0.034,0.394,0.454,0.118
574,106,Hazara  ,0.029,0.417,0.516,0.038
575,108,Hazara  ,0.021,0.483,0.428,0.068
576,109,Hazara  ,0.019,0.428,0.492,0.061
577,110,Hazara  ,0.02,0.448,0.486,0.046
578,112,Hazara  ,0.031,0.346,0.531,0.092
579,113,Hazara  ,0.023,0.447,0.467,0.063
580,115,Hazara  ,0.011,0.378,0.508,0.103
581,116,Hazara  ,0.024,0.412,0.425,0.138
582,118,Hazara  ,0.03,0.433,0.462,0.074
583,119,Hazara  ,0.02,0.476,0.412,0.092
584,120,Hazara  ,0.036,0.445,0.445,0.073
585,121,Hazara  ,0.016,0.418,0.497,0.07
586,122,Hazara  ,0.017,0.381,0.47,0.132
587,124,Hazara  ,0.02,0.463,0.468,0.049
588,125,Hazara  ,0.038,0.364,0.489,0.109
589,127,Hazara  ,0.031,0.415,0.417,0.137
590,128,Hazara  ,0.016,0.388,0.508,0.087
591,129,Hazara  ,0.045,0.576,0.328,0.051
592,1297,Uygur  ,0.033,0.456,0.483,0.027
593,1298,Uygur  ,0.028,0.435,0.451,0.086
594,1299,Uygur  ,0.015,0.411,0.461,0.113
595,1300,Uygur  ,0.012,0.407,0.492,0.09
596,1301,Uygur  ,0.03,0.443,0.428,0.099
597,1302,Uygur  ,0.011,0.345,0.546,0.098
598,1303,Uygur  ,0.017,0.476,0.405,0.102
599,1304,Uygur  ,0.015,0.42,0.459,0.106
600,1305,Uygur  ,0.009,0.383,0.555,0.053
601,1306,Uygur  ,0.018,0.417,0.525,0.039
602,267,Kalash  ,0.012,0.764,0.149,0.075
603,274,Kalash  ,0.009,0.801,0.065,0.124
604,277,Kalash  ,0.01,0.804,0.116,0.071
605,279,Kalash  ,0.021,0.72,0.151,0.107
606,281,Kalash  ,0.017,0.819,0.082,0.082
607,285,Kalash  ,0.009,0.816,0.148,0.028
608,286,Kalash  ,0.016,0.782,0.054,0.147
609,288,Kalash  ,0.009,0.807,0.134,0.05
610,290,Kalash  ,0.017,0.757,0.147,0.079
611,292,Kalash  ,0.009,0.769,0.146,0.077
612,298,Kalash  ,0.021,0.841,0.063,0.075
613,302,Kalash  ,0.009,0.808,0.128,0.056
614,304,Kalash  ,0.007,0.802,0.098,0.093
615,307,Kalash  ,0.02,0.781,0.09,0.109
616,309,Kalash  ,0.022,0.797,0.101,0.08
617,311,Kalash  ,0.02,0.822,0.122,0.036
618,313,Kalash  ,0.011,0.768,0.103,0.119
619,315,Kalash  ,0.02,0.724,0.173,0.084
620,319,Kalash  ,0.009,0.804,0.073,0.114
621,321,Kalash  ,0.008,0.82,0.11,0.062
622,323,Kalash  ,0.011,0.751,0.156,0.081
623,326,Kalash  ,0.012,0.8,0.089,0.099
624,328,Kalash  ,0.013,0.795,0.089,0.104
625,330,Kalash  ,0.016,0.778,0.075,0.132
626,333,Kalash  ,0.012,0.77,0.118,0.1
627,774,Han  ,0.021,0.017,0.887,0.075
628,775,Han  ,0.006,0.015,0.909,0.07
629,776,Han  ,0.033,0.052,0.841,0.074
630,777,Han  ,0.023,0.022,0.873,0.082
631,778,Han  ,0.018,0.024,0.876,0.082
632,779,Han  ,0.014,0.023,0.908,0.055
633,780,Han  ,0.019,0.03,0.91,0.041
634,781,Han  ,0.033,0.043,0.86,0.063
635,782,Han  ,0.014,0.064,0.885,0.037
636,783,Han  ,0.01,0.016,0.886,0.088
637,784,Han  ,0.014,0.048,0.853,0.085
638,785,Han  ,0.031,0.016,0.84,0.113
639,786,Han  ,0.032,0.029,0.858,0.081
640,811,Han  ,0.017,0.07,0.881,0.032
641,812,Han  ,0.014,0.061,0.859,0.066
642,813,Han  ,0.01,0.022,0.923,0.045
643,814,Han  ,0.008,0.051,0.886,0.055
644,815,Han  ,0.017,0.041,0.86,0.082
645,817,Han  ,0.015,0.049,0.862,0.073
646,818,Han  ,0.012,0.025,0.899,0.065
647,819,Han  ,0.015,0.029,0.891,0.065
648,820,Han  ,0.034,0.048,0.86,0.058
649,821,Han  ,0.018,0.018,0.926,0.038
650,822,Han  ,0.016,0.024,0.884,0.077
651,971,Han  ,0.01,0.018,0.889,0.083
652,972,Han  ,0.01,0.029,0.895,0.066
653,973,Han  ,0.027,0.034,0.892,0.047
654,974,Han  ,0.01,0.034,0.85,0.106
655,975,Han  ,0.018,0.035,0.861,0.087
656,976,Han  ,0.034,0.03,0.887,0.05
657,977,Han  ,0.025,0.014,0.863,0.098
658,1021,Han  ,0.025,0.044,0.862,0.068
659,1023,Han  ,0.013,0.055,0.817,0.115
660,1024,Han  ,0.024,0.061,0.859,0.056
661,1287,Han (N. China),0.025,0.024,0.87,0.081
662,1288,Han (N. China),0.032,0.061,0.831,0.077
663,1289,Han (N. China),0.021,0.067,0.861,0.051
664,1290,Han (N. China),0.024,0.092,0.83,0.054
665,1291,Han (N. China),0.021,0.043,0.872,0.064
666,1292,Han (N. China),0.009,0.05,0.806,0.135
667,1293,Han (N. China),0.019,0.036,0.875,0.07
668,1294,Han (N. China),0.035,0.076,0.832,0.056
669,1295,Han (N. China),0.016,0.021,0.849,0.114
670,1296,Han (N. China),0.046,0.057,0.783,0.114
671,1307,Dai  ,0.011,0.066,0.872,0.052
672,1308,Dai  ,0.045,0.075,0.818,0.063
673,1309,Dai  ,0.036,0.032,0.892,0.04
674,1310,Dai  ,0.034,0.022,0.848,0.095
675,1311,Dai  ,0.03,0.037,0.859,0.074
676,1312,Dai  ,0.022,0.063,0.822,0.094
677,1313,Dai  ,0.024,0.028,0.895,0.053
678,1314,Dai  ,0.015,0.068,0.835,0.082
679,1315,Dai  ,0.02,0.04,0.87,0.069
680,1316,Dai  ,0.018,0.066,0.852,0.064
681,1213,Daur  ,0.013,0.064,0.765,0.158
682,1214,Daur  ,0.008,0.085,0.847,0.06
683,1215,Daur  ,0.017,0.048,0.83,0.105
684,1216,Daur  ,0.011,0.082,0.79,0.117
685,1217,Daur  ,0.008,0.114,0.776,0.102
686,1218,Daur  ,0.02,0.054,0.826,0.1
687,1220,Daur  ,0.012,0.045,0.869,0.073
688,1221,Daur  ,0.019,0.053,0.861,0.066
689,1222,Daur  ,0.026,0.086,0.841,0.047
690,1233,Hezhen  ,0.009,0.091,0.808,0.092
691,1234,Hezhen  ,0.014,0.07,0.791,0.126
692,1236,Hezhen  ,0.029,0.025,0.886,0.06
693,1237,Hezhen  ,0.011,0.065,0.798,0.126
694,1238,Hezhen  ,0.01,0.068,0.814,0.108
695,1239,Hezhen  ,0.007,0.044,0.82,0.129
696,1240,Hezhen  ,0.014,0.022,0.861,0.103
697,1241,Hezhen  ,0.008,0.046,0.822,0.125
698,1242,Hezhen  ,0.007,0.063,0.797,0.133
699,1317,Lahu  ,0.013,0.041,0.913,0.032
700,1318,Lahu  ,0.015,0.054,0.859,0.073
701,1319,Lahu  ,0.021,0.021,0.864,0.094
702,1320,Lahu  ,0.02,0.09,0.829,0.061
703,1321,Lahu  ,0.025,0.062,0.856,0.056
704,1322,Lahu  ,0.034,0.061,0.825,0.079
705,1323,Lahu  ,0.013,0.023,0.919,0.045
706,1324,Lahu  ,0.009,0.025,0.891,0.076
707,1325,Lahu  ,0.037,0.043,0.872,0.049
708,1326,Lahu  ,0.027,0.036,0.884,0.053
709,1189,Miao  ,0.014,0.036,0.895,0.055
710,1190,Miao  ,0.027,0.013,0.901,0.06
711,1191,Miao  ,0.017,0.033,0.881,0.069
712,1192,Miao  ,0.01,0.058,0.889,0.044
713,1193,Miao  ,0.013,0.037,0.845,0.105
714,1194,Miao  ,0.011,0.034,0.885,0.07
715,1195,Miao  ,0.009,0.021,0.892,0.078
716,1196,Miao  ,0.026,0.075,0.829,0.071
717,1197,Miao  ,0.018,0.022,0.869,0.091
718,1198,Miao  ,0.009,0.04,0.895,0.056
719,1203,Oroqen  ,0.011,0.035,0.869,0.086
720,1204,Oroqen  ,0.02,0.05,0.79,0.139
721,1205,Oroqen  ,0.021,0.083,0.792,0.104
722,1206,Oroqen  ,0.011,0.079,0.801,0.109
723,1207,Oroqen  ,0.025,0.053,0.784,0.138
724,1208,Oroqen  ,0.019,0.056,0.818,0.107
725,1209,Oroqen  ,0.017,0.02,0.827,0.136
726,1210,Oroqen  ,0.009,0.02,0.897,0.075
727,1211,Oroqen  ,0.013,0.054,0.8,0.134
728,1212,Oroqen  ,0.017,0.091,0.789,0.102
729,1327,She  ,0.007,0.027,0.938,0.028
730,1328,She  ,0.013,0.021,0.877,0.09
731,1329,She  ,0.012,0.026,0.939,0.022
732,1330,She  ,0.011,0.012,0.889,0.089
733,1331,She  ,0.026,0.041,0.884,0.049
734,1332,She  ,0.014,0.018,0.897,0.072
735,1333,She  ,0.007,0.027,0.909,0.057
736,1334,She  ,0.013,0.023,0.906,0.058
737,1335,She  ,0.019,0.02,0.914,0.048
738,1336,She  ,0.024,0.049,0.834,0.093
739,1095,Tujia  ,0.013,0.019,0.862,0.107
740,1096,Tujia  ,0.009,0.065,0.864,0.062
741,1097,Tujia  ,0.009,0.015,0.926,0.049
742,1098,Tujia  ,0.015,0.029,0.813,0.143
743,1099,Tujia  ,0.031,0.03,0.865,0.075
744,1100,Tujia  ,0.011,0.023,0.905,0.06
745,1101,Tujia  ,0.013,0.055,0.882,0.051
746,1102,Tujia  ,0.024,0.083,0.808,0.084
747,1103,Tujia  ,0.033,0.043,0.874,0.05
748,1104,Tujia  ,0.017,0.028,0.923,0.031
749,1347,Tu  ,0.036,0.069,0.816,0.08
750,1348,Tu  ,0.013,0.108,0.812,0.067
751,1349,Tu  ,0.021,0.052,0.843,0.084
752,1350,Tu  ,0.047,0.052,0.8,0.102
753,1351,Tu  ,0.011,0.133,0.788,0.068
754,1352,Tu  ,0.022,0.069,0.808,0.101
755,1353,Tu  ,0.01,0.111,0.784,0.095
756,1354,Tu  ,0.023,0.087,0.834,0.057
757,1355,Tu  ,0.022,0.076,0.816,0.086
758,1356,Tu  ,0.03,0.124,0.783,0.063
759,1243,Xibo  ,0.013,0.235,0.63,0.122
760,1244,Xibo  ,0.02,0.084,0.798,0.098
761,1245,Xibo  ,0.006,0.065,0.873,0.055
762,1246,Xibo  ,0.013,0.041,0.859,0.087
763,1247,Xibo  ,0.024,0.129,0.709,0.138
764,1248,Xibo  ,0.009,0.121,0.826,0.043
765,1249,Xibo  ,0.007,0.03,0.879,0.083
766,1250,Xibo  ,0.01,0.085,0.751,0.154
767,1251,Xibo  ,0.026,0.052,0.869,0.053
768,1179,Yi  ,0.014,0.032,0.887,0.068
769,1180,Yi  ,0.013,0.102,0.847,0.037
770,1181,Yi  ,0.02,0.041,0.825,0.115
771,1182,Yi  ,0.033,0.013,0.882,0.071
772,1183,Yi  ,0.044,0.039,0.817,0.1
773,1184,Yi  ,0.021,0.053,0.839,0.088
774,1185,Yi  ,0.026,0.065,0.843,0.066
775,1186,Yi  ,0.018,0.081,0.821,0.081
776,1187,Yi  ,0.04,0.023,0.858,0.079
777,1188,Yi  ,0.018,0.055,0.853,0.074
778,1223,Mongola  ,0.013,0.121,0.718,0.148
779,1224,Mongola  ,0.021,0.095,0.777,0.107
780,1225,Mongola  ,0.007,0.1,0.799,0.093
781,1226,Mongola  ,0.047,0.152,0.717,0.084
782,1227,Mongola  ,0.034,0.082,0.849,0.035
783,1228,Mongola  ,0.009,0.056,0.837,0.098
784,1229,Mongola  ,0.014,0.142,0.773,0.071
785,1230,Mongola  ,0.011,0.132,0.744,0.113
786,1231,Mongola  ,0.01,0.062,0.831,0.097
787,1232,Mongola  ,0.021,0.077,0.79,0.112
788,1337,Naxi  ,0.025,0.039,0.833,0.103
789,1338,Naxi  ,0.02,0.111,0.799,0.07
790,1340,Naxi  ,0.031,0.03,0.88,0.06
791,1341,Naxi  ,0.018,0.044,0.851,0.087
792,1342,Naxi  ,0.027,0.06,0.825,0.088
793,1343,Naxi  ,0.01,0.027,0.866,0.097
794,1345,Naxi  ,0.021,0.044,0.88,0.054
795,1346,Naxi  ,0.025,0.073,0.831,0.071
796,711,Cambodian  ,0.015,0.163,0.721,0.102
797,712,Cambodian  ,0.023,0.033,0.853,0.091
798,713,Cambodian  ,0.022,0.11,0.783,0.085
799,714,Cambodian  ,0.031,0.069,0.799,0.101
800,715,Cambodian  ,0.035,0.174,0.75,0.041
801,716,Cambodian  ,0.035,0.041,0.866,0.058
802,717,Cambodian  ,0.065,0.172,0.683,0.079
803,718,Cambodian  ,0.043,0.083,0.83,0.045
804,719,Cambodian  ,0.039,0.115,0.78,0.067
805,720,Cambodian  ,0.03,0.102,0.816,0.051
806,721,Cambodian  ,0.026,0.144,0.789,0.042
807,747,Japanese  ,0.03,0.025,0.847,0.098
808,748,Japanese  ,0.019,0.02,0.898,0.063
809,749,Japanese  ,0.016,0.034,0.85,0.1
810,750,Japanese  ,0.029,0.04,0.807,0.124
811,751,Japanese  ,0.044,0.025,0.839,0.092
812,752,Japanese  ,0.013,0.033,0.927,0.027
813,753,Japanese  ,0.02,0.027,0.865,0.089
814,754,Japanese  ,0.013,0.035,0.888,0.065
815,755,Japanese  ,0.028,0.027,0.883,0.062
816,756,Japanese  ,0.031,0.014,0.846,0.108
817,757,Japanese  ,0.018,0.028,0.863,0.091
818,758,Japanese  ,0.013,0.045,0.824,0.117
819,759,Japanese  ,0.046,0.02,0.853,0.081
820,760,Japanese  ,0.012,0.015,0.89,0.083
821,761,Japanese  ,0.008,0.09,0.856,0.046
822,762,Japanese  ,0.02,0.021,0.863,0.096
823,763,Japanese  ,0.02,0.032,0.883,0.065
824,764,Japanese  ,0.016,0.038,0.876,0.07
825,765,Japanese  ,0.027,0.044,0.883,0.046
826,766,Japanese  ,0.018,0.047,0.855,0.079
827,767,Japanese  ,0.016,0.028,0.915,0.041
828,768,Japanese  ,0.025,0.015,0.867,0.092
829,769,Japanese  ,0.013,0.096,0.818,0.074
830,771,Japanese  ,0.036,0.021,0.891,0.052
831,772,Japanese  ,0.046,0.046,0.853,0.056
832,773,Japanese  ,0.019,0.067,0.85,0.065
833,790,Japanese  ,0.02,0.019,0.884,0.077
834,791,Japanese  ,0.035,0.021,0.848,0.096
835,828,Japanese  ,0.014,0.045,0.836,0.105
836,945,Yakut  ,0.012,0.127,0.761,0.1
837,946,Yakut  ,0.017,0.126,0.774,0.083
838,947,Yakut  ,0.031,0.13,0.765,0.075
839,948,Yakut  ,0.012,0.183,0.684,0.121
840,949,Yakut  ,0.02,0.261,0.603,0.116
841,950,Yakut  ,0.017,0.19,0.719,0.074
842,951,Yakut  ,0.011,0.138,0.752,0.099
843,952,Yakut  ,0.012,0.126,0.786,0.075
844,953,Yakut  ,0.025,0.317,0.609,0.049
845,954,Yakut  ,0.027,0.059,0.812,0.102
846,955,Yakut  ,0.013,0.08,0.812,0.095
847,956,Yakut  ,0.011,0.144,0.768,0.077
848,957,Yakut  ,0.01,0.123,0.735,0.132
849,958,Yakut  ,0.013,0.157,0.719,0.111
850,959,Yakut  ,0.01,0.039,0.835,0.116
851,960,Yakut  ,0.013,0.11,0.786,0.091
852,961,Yakut  ,0.008,0.117,0.788,0.087
853,962,Yakut  ,0.009,0.128,0.753,0.11
854,963,Yakut  ,0.008,0.144,0.815,0.032
855,964,Yakut  ,0.047,0.078,0.715,0.16
856,965,Yakut  ,0.016,0.137,0.724,0.123
857,966,Yakut  ,0.007,0.159,0.768,0.065
858,967,Yakut  ,0.013,0.122,0.801,0.064
859,968,Yakut  ,0.019,0.199,0.693,0.089
860,969,Yakut  ,0.008,0.225,0.613,0.154
861,490,Melanesian  ,0.121,0.126,0.701,0.051
862,491,Melanesian  ,0.131,0.102,0.723,0.043
863,655,Melanesian  ,0.166,0.083,0.668,0.082
864,656,Melanesian  ,0.12,0.111,0.686,0.083
865,657,Melanesian  ,0.14,0.09,0.7,0.071
866,658,Melanesian  ,0.12,0.132,0.716,0.032
867,660,Melanesian  ,0.154,0.053,0.742,0.051
868,661,Melanesian  ,0.127,0.082,0.711,0.079
869,663,Melanesian  ,0.139,0.068,0.744,0.049
870,664,Melanesian  ,0.133,0.125,0.692,0.051
871,787,Melanesian  ,0.14,0.092,0.69,0.079
872,788,Melanesian  ,0.165,0.049,0.758,0.028
873,789,Melanesian  ,0.116,0.082,0.783,0.019
874,823,Melanesian  ,0.133,0.106,0.721,0.04
875,824,Melanesian  ,0.168,0.055,0.74,0.038
876,825,Melanesian  ,0.145,0.062,0.765,0.028
877,978,Melanesian  ,0.128,0.092,0.745,0.035
878,1027,Melanesian  ,0.102,0.123,0.73,0.046
879,540,Papuan  ,0.169,0.222,0.551,0.058
880,541,Papuan  ,0.161,0.211,0.544,0.084
881,542,Papuan  ,0.102,0.239,0.6,0.059
882,543,Papuan  ,0.144,0.221,0.563,0.072
883,544,Papuan  ,0.143,0.191,0.595,0.071
884,545,Papuan  ,0.135,0.221,0.56,0.084
885,546,Papuan  ,0.187,0.237,0.528,0.049
886,547,Papuan  ,0.199,0.159,0.587,0.055
887,548,Papuan  ,0.18,0.219,0.558,0.043
888,549,Papuan  ,0.145,0.212,0.571,0.072
889,550,Papuan  ,0.175,0.114,0.646,0.066
890,551,Papuan  ,0.223,0.162,0.58,0.034
891,552,Papuan  ,0.198,0.14,0.578,0.084
892,553,Papuan  ,0.192,0.211,0.544,0.053
893,554,Papuan  ,0.146,0.144,0.669,0.041
894,555,Papuan  ,0.114,0.169,0.646,0.071
895,556,Papuan  ,0.179,0.168,0.559,0.094
896,995,Karitiana  ,0.005,0.013,0.03,0.952
897,996,Karitiana  ,0.004,0.009,0.018,0.969
898,997,Karitiana  ,0.004,0.007,0.015,0.974
899,998,Karitiana  ,0.005,0.009,0.015,0.972
900,1000,Karitiana  ,0.004,0.005,0.008,0.983
901,1001,Karitiana  ,0.006,0.011,0.032,0.95
902,1003,Karitiana  ,0.006,0.01,0.045,0.938
903,1004,Karitiana  ,0.004,0.006,0.007,0.983
904,1005,Karitiana  ,0.007,0.008,0.015,0.971
905,1007,Karitiana  ,0.004,0.007,0.012,0.977
906,1008,Karitiana  ,0.003,0.006,0.011,0.98
907,1009,Karitiana  ,0.014,0.064,0.123,0.799
908,1010,Karitiana  ,0.006,0.018,0.025,0.951
909,1011,Karitiana  ,0.003,0.004,0.007,0.986
910,1016,Karitiana  ,0.006,0.006,0.008,0.979
911,1017,Karitiana  ,0.008,0.018,0.059,0.914
912,830,Surui  ,0.002,0.003,0.005,0.99
913,832,Surui  ,0.004,0.005,0.012,0.979
914,833,Surui  ,0.002,0.004,0.005,0.989
915,834,Surui  ,0.003,0.003,0.004,0.99
916,835,Surui  ,0.003,0.005,0.009,0.983
917,839,Surui  ,0.002,0.003,0.003,0.992
918,840,Surui  ,0.002,0.003,0.004,0.991
919,841,Surui  ,0.003,0.006,0.006,0.985
920,842,Surui  ,0.002,0.003,0.005,0.99
921,844,Surui  ,0.003,0.007,0.006,0.984
922,847,Surui  ,0.003,0.004,0.006,0.987
923,848,Surui  ,0.004,0.012,0.02,0.964
924,850,Surui  ,0.002,0.003,0.005,0.99
925,851,Surui  ,0.002,0.003,0.005,0.99
926,703,Colombian  ,0.02,0.083,0.192,0.706
927,704,Colombian  ,0.009,0.037,0.153,0.801
928,705,Colombian  ,0.007,0.02,0.101,0.872
929,706,Colombian  ,0.008,0.051,0.083,0.858
930,707,Colombian  ,0.005,0.016,0.06,0.92
931,708,Colombian  ,0.006,0.026,0.08,0.888
932,709,Colombian  ,0.005,0.011,0.097,0.887
933,710,Colombian  ,0.005,0.015,0.107,0.873
934,792,Colombian  ,0.019,0.025,0.214,0.742
935,793,Colombian  ,0.03,0.051,0.153,0.765
936,827,Colombian  ,0.008,0.022,0.091,0.879
937,970,Colombian  ,0.019,0.034,0.119,0.829
938,857,Maya  ,0.015,0.052,0.221,0.711
939,859,Maya  ,0.01,0.08,0.21,0.7
940,861,Maya  ,0.068,0.124,0.233,0.575
941,862,Maya  ,0.041,0.122,0.157,0.681
942,864,Maya  ,0.011,0.065,0.234,0.689
943,865,Maya  ,0.024,0.097,0.172,0.708
944,866,Maya  ,0.022,0.102,0.207,0.67
945,867,Maya  ,0.048,0.141,0.143,0.669
946,869,Maya  ,0.048,0.152,0.147,0.653
947,870,Maya  ,0.009,0.062,0.259,0.67
948,871,Maya  ,0.032,0.211,0.204,0.553
949,872,Maya  ,0.06,0.141,0.187,0.611
950,873,Maya  ,0.012,0.06,0.212,0.716
951,874,Maya  ,0.024,0.067,0.16,0.749
952,875,Maya  ,0.037,0.118,0.193,0.651
953,876,Maya  ,0.022,0.285,0.155,0.538
954,877,Maya  ,0.022,0.175,0.161,0.643
955,878,Maya  ,0.019,0.257,0.146,0.577
956,1037,Pima  ,0.011,0.037,0.056,0.897
957,1038,Pima  ,0.005,0.023,0.017,0.955
958,1039,Pima  ,0.005,0.013,0.032,0.95
959,1040,Pima  ,0.004,0.029,0.026,0.941
960,1041,Pima  ,0.005,0.011,0.15,0.834
961,1043,Pima  ,0.004,0.006,0.011,0.979
962,1044,Pima  ,0.004,0.006,0.029,0.961
963,1045,Pima  ,0.004,0.005,0.015,0.976
