individual,Sample,population,orange,blue,red,green
1,993,Bantu (S. Africa),0.675,0.103,0.1,0.122
2,1028,Bantu (S. Africa),0.621,0.142,0.111,0.126
3,1030,Bantu (S. Africa),0.641,0.125,0.152,0.082
4,1031,Bantu (S. Africa),0.448,0.132,0.114,0.306
5,1033,Bantu (S. Africa),0.507,0.272,0.12,0.101
6,1034,Bantu (S. Africa),0.525,0.184,0.098,0.193
7,1035,Bantu (S. Africa),0.463,0.272,0.129,0.136
8,1405,Bantu (Kenya) ,0.585,0.1,0.108,0.206
9,1406,Bantu (Kenya) ,0.649,0.117,0.076,0.157
10,1408,Bantu (Kenya) ,0.434,0.358,0.129,0.079
11,1411,Bantu (Kenya) ,0.356,0.329,0.172,0.143
12,1412,Bantu (Kenya) ,0.619,0.121,0.101,0.159
13,1413,Bantu (Kenya) ,0.317,0.451,0.126,0.106
14,1414,Bantu (Kenya) ,0.642,0.181,0.088,0.09
15,1415,Bantu (Kenya) ,0.324,0.29,0.269,0.117
16,1416,Bantu (Kenya) ,0.543,0.095,0.18,0.181
17,1417,Bantu (Kenya) ,0.676,0.102,0.142,0.079
18,1418,Bantu (Kenya) ,0.516,0.177,0.188,0.12
19,1419,Bantu (Kenya) ,0.729,0.074,0.076,0.121
20,904,Mandenka  ,0.533,0.25,0.113,0.105
21,905,Mandenka  ,0.579,0.142,0.146,0.133
22,907,Mandenka  ,0.531,0.156,0.091,0.222
23,908,Mandenka  ,0.307,0.323,0.117,0.254
24,909,Mandenka  ,0.644,0.149,0.123,0.085
25,910,Mandenka  ,0.566,0.235,0.122,0.077
26,912,Mandenka  ,0.412,0.117,0.373,0.098
27,914,Mandenka  ,0.362,0.113,0.329,0.196
28,915,Mandenka  ,0.591,0.122,0.156,0.131
29,916,Mandenka  ,0.316,0.151,0.278,0.255
30,917,Mandenka  ,0.675,0.119,0.102,0.103
31,918,Mandenka  ,0.42,0.145,0.141,0.294
32,919,Mandenka  ,0.562,0.218,0.082,0.137
33,1199,Mandenka  ,0.667,0.129,0.113,0.091
34,1200,Mandenka  ,0.623,0.157,0.115,0.105
35,1201,Mandenka  ,0.402,0.331,0.184,0.083
36,1202,Mandenka  ,0.752,0.113,0.075,0.06
37,1283,Mandenka  ,0.646,0.142,0.104,0.108
38,1284,Mandenka  ,0.331,0.188,0.238,0.243
39,1285,Mandenka  ,0.437,0.224,0.116,0.224
40,1286,Mandenka  ,0.695,0.093,0.121,0.091
41,920,Yoruba  ,0.421,0.268,0.112,0.199
42,921,Yoruba  ,0.364,0.158,0.087,0.391
43,922,Yoruba  ,0.569,0.161,0.17,0.1
44,923,Yoruba  ,0.335,0.239,0.325,0.102
45,924,Yoruba  ,0.345,0.335,0.196,0.124
46,925,Yoruba  ,0.489,0.204,0.189,0.118
47,926,Yoruba  ,0.341,0.197,0.14,0.323
48,927,Yoruba  ,0.375,0.328,0.082,0.216
49,928,Yoruba  ,0.61,0.151,0.111,0.128
50,929,Yoruba  ,0.608,0.136,0.122,0.135
51,930,Yoruba  ,0.529,0.194,0.115,0.162
52,931,Yoruba  ,0.693,0.109,0.093,0.106
53,932,Yoruba  ,0.567,0.203,0.127,0.102
54,933,Yoruba  ,0.587,0.103,0.116,0.193
55,934,Yoruba  ,0.715,0.107,0.093,0.085
56,935,Yoruba  ,0.296,0.476,0.143,0.085
57,936,Yoruba  ,0.462,0.136,0.238,0.164
58,937,Yoruba  ,0.545,0.215,0.092,0.148
59,938,Yoruba  ,0.58,0.198,0.101,0.122
60,940,Yoruba  ,0.328,0.184,0.094,0.394
61,941,Yoruba  ,0.624,0.196,0.076,0.103
62,942,Yoruba  ,0.524,0.179,0.177,0.12
63,943,Yoruba  ,0.568,0.171,0.096,0.165
64,988,San  ,0.575,0.193,0.114,0.118
65,448,Biaka Pygmy ,0.364,0.2,0.127,0.308
66,451,Biaka Pygmy ,0.556,0.159,0.166,0.119
67,473,Biaka Pygmy ,0.684,0.124,0.123,0.069
68,475,Biaka Pygmy ,0.45,0.158,0.152,0.24
69,477,Biaka Pygmy ,0.609,0.095,0.171,0.125
70,479,Biaka Pygmy ,0.721,0.114,0.088,0.078
71,985,Biaka Pygmy ,0.635,0.143,0.118,0.105
72,986,Biaka Pygmy ,0.483,0.185,0.191,0.141
73,1084,Biaka Pygmy ,0.487,0.084,0.263,0.165
74,1085,Biaka Pygmy ,0.674,0.123,0.081,0.121
75,1086,Biaka Pygmy ,0.317,0.147,0.142,0.394
76,1088,Biaka Pygmy ,0.606,0.166,0.097,0.13
77,1089,Biaka Pygmy ,0.386,0.373,0.119,0.123
78,1090,Biaka Pygmy ,0.359,0.415,0.117,0.109
79,1091,Biaka Pygmy ,0.604,0.176,0.141,0.08
80,1093,Biaka Pygmy ,0.488,0.078,0.283,0.151
81,1094,Biaka Pygmy ,0.309,0.383,0.154,0.154
82,449,Mbuti Pygmy ,0.607,0.147,0.182,0.064
83,450,Mbuti Pygmy ,0.538,0.182,0.117,0.163
84,462,Mbuti Pygmy ,0.547,0.153,0.211,0.089
85,463,Mbuti Pygmy ,0.569,0.099,0.108,0.224
86,467,Mbuti Pygmy ,0.489,0.137,0.255,0.118
87,468,Mbuti Pygmy ,0.72,0.08,0.097,0.102
88,471,Mbuti Pygmy ,0.674,0.073,0.151,0.101
89,474,Mbuti Pygmy ,0.658,0.147,0.093,0.102
90,478,Mbuti Pygmy ,0.588,0.083,0.152,0.178
91,982,Mbuti Pygmy ,0.687,0.126,0.115,0.073
92,983,Mbuti Pygmy ,0.651,0.099,0.172,0.078
93,984,Mbuti Pygmy ,0.676,0.096,0.102,0.126
94,1081,Mbuti Pygmy ,0.345,0.175,0.23,0.25
95,794,Orcadian  ,0.202,0.158,0.28,0.36
96,795,Orcadian  ,0.246,0.459,0.197,0.098
97,796,Orcadian  ,0.143,0.23,0.37,0.257
98,797,Orcadian  ,0.151,0.468,0.169,0.213
99,798,Orcadian  ,0.318,0.472,0.123,0.087
100,799,Orcadian  ,0.204,0.423,0.125,0.248
101,800,Orcadian  ,0.256,0.403,0.195,0.146
102,801,Orcadian  ,0.134,0.171,0.453,0.242
103,802,Orcadian  ,0.196,0.547,0.167,0.091
104,803,Orcadian  ,0.132,0.452,0.281,0.134
105,804,Orcadian  ,0.282,0.268,0.301,0.149
106,805,Orcadian  ,0.253,0.25,0.308,0.189
107,806,Orcadian  ,0.307,0.316,0.228,0.149
108,807,Orcadian  ,0.211,0.339,0.297,0.153
109,808,Orcadian  ,0.164,0.376,0.336,0.124
110,810,Orcadian  ,0.115,0.163,0.418,0.303
111,1381,Adygei  ,0.389,0.359,0.106,0.146
112,1382,Adygei  ,0.372,0.269,0.203,0.156
113,1383,Adygei  ,0.157,0.255,0.463,0.125
114,1384,Adygei  ,0.286,0.177,0.209,0.327
115,1385,Adygei  ,0.286,0.398,0.173,0.144
116,1386,Adygei  ,0.327,0.296,0.229,0.148
117,1387,Adygei  ,0.134,0.335,0.167,0.364
118,1388,Adygei  ,0.279,0.28,0.183,0.258
119,1396,Adygei  ,0.184,0.393,0.262,0.161
120,1397,Adygei  ,0.194,0.468,0.199,0.138
121,1398,Adygei  ,0.278,0.387,0.214,0.12
122,1399,Adygei  ,0.268,0.222,0.279,0.231
123,1400,Adygei  ,0.149,0.382,0.252,0.217
124,1401,Adygei  ,0.154,0.604,0.127,0.115
125,1402,Adygei  ,0.254,0.271,0.158,0.317
126,1403,Adygei  ,0.173,0.257,0.185,0.386
127,1404,Adygei  ,0.225,0.213,0.147,0.416
128,879,Russian  ,0.276,0.377,0.201,0.146
129,880,Russian  ,0.214,0.357,0.165,0.264
130,881,Russian  ,0.179,0.254,0.4,0.167
131,882,Russian  ,0.115,0.329,0.265,0.29
132,883,Russian  ,0.258,0.506,0.149,0.087
133,884,Russian  ,0.207,0.279,0.329,0.185
134,885,Russian  ,0.153,0.354,0.199,0.293
135,886,Russian  ,0.205,0.335,0.098,0.362
136,887,Russian  ,0.108,0.14,0.55,0.203
137,888,Russian  ,0.19,0.548,0.151,0.111
138,889,Russian  ,0.129,0.421,0.202,0.247
139,890,Russian  ,0.139,0.398,0.196,0.268
140,891,Russian  ,0.146,0.289,0.325,0.241
141,892,Russian  ,0.147,0.216,0.475,0.162
142,893,Russian  ,0.103,0.271,0.232,0.393
143,894,Russian  ,0.372,0.178,0.244,0.207
144,895,Russian  ,0.149,0.449,0.254,0.148
145,896,Russian  ,0.102,0.304,0.185,0.409
146,897,Russian  ,0.382,0.35,0.164,0.104
147,898,Russian  ,0.182,0.211,0.139,0.467
148,899,Russian  ,0.154,0.544,0.189,0.113
149,900,Russian  ,0.183,0.387,0.186,0.244
150,901,Russian  ,0.569,0.21,0.112,0.109
151,902,Russian  ,0.223,0.398,0.156,0.223
152,903,Russian  ,0.258,0.175,0.322,0.245
153,1357,Basque  ,0.148,0.557,0.185,0.109
154,1358,Basque  ,0.207,0.451,0.258,0.085
155,1359,Basque  ,0.156,0.554,0.174,0.116
156,1360,Basque  ,0.389,0.375,0.157,0.079
157,1361,Basque  ,0.338,0.197,0.356,0.109
158,1362,Basque  ,0.189,0.486,0.129,0.196
159,1363,Basque  ,0.407,0.358,0.129,0.107
160,1364,Basque  ,0.191,0.475,0.152,0.182
161,1365,Basque  ,0.457,0.272,0.178,0.092
162,1366,Basque  ,0.187,0.431,0.228,0.154
163,1367,Basque  ,0.206,0.264,0.378,0.152
164,1368,Basque  ,0.141,0.43,0.182,0.246
165,1369,Basque  ,0.336,0.401,0.145,0.118
166,1370,Basque  ,0.235,0.409,0.212,0.144
167,1372,Basque  ,0.117,0.61,0.144,0.129
168,1373,Basque  ,0.281,0.422,0.143,0.154
169,1374,Basque  ,0.417,0.181,0.208,0.194
170,1375,Basque  ,0.249,0.375,0.252,0.124
171,1376,Basque  ,0.098,0.561,0.265,0.076
172,1377,Basque  ,0.263,0.246,0.246,0.245
173,1378,Basque  ,0.143,0.547,0.206,0.104
174,1379,Basque  ,0.129,0.323,0.46,0.087
175,1380,Basque  ,0.102,0.648,0.105,0.144
176,515,French  ,0.347,0.182,0.25,0.22
177,516,French  ,0.215,0.437,0.226,0.122
178,517,French  ,0.227,0.384,0.165,0.224
179,518,French  ,0.215,0.417,0.149,0.219
180,519,French  ,0.166,0.454,0.253,0.127
181,520,French  ,0.218,0.339,0.272,0.17
182,521,French  ,0.378,0.351,0.152,0.119
183,522,French  ,0.138,0.208,0.443,0.21
184,523,French  ,0.236,0.319,0.298,0.147
185,524,French  ,0.198,0.169,0.237,0.396
186,525,French  ,0.117,0.467,0.16,0.256
187,526,French  ,0.38,0.276,0.214,0.13
188,527,French  ,0.179,0.429,0.292,0.1
189,528,French  ,0.199,0.45,0.146,0.205
190,529,French  ,0.207,0.361,0.305,0.127
191,530,French  ,0.169,0.424,0.148,0.259
192,531,French  ,0.251,0.353,0.1,0.297
193,532,French  ,0.113,0.277,0.365,0.246
194,533,French  ,0.325,0.206,0.352,0.118
195,534,French  ,0.46,0.191,0.203,0.146
196,535,French  ,0.169,0.34,0.315,0.176
197,536,French  ,0.463,0.248,0.157,0.133
198,537,French  ,0.127,0.184,0.155,0.534
199,538,French  ,0.092,0.617,0.203,0.088
200,539,French  ,0.3,0.3,0.119,0.281
201,1147,Italian  ,0.359,0.236,0.273,0.132
202,1149,Italian  ,0.349,0.296,0.181,0.174
203,1151,Italian  ,0.483,0.218,0.127,0.172
204,1152,Italian  ,0.291,0.518,0.105,0.086
205,1153,Italian  ,0.234,0.492,0.144,0.13
206,1155,Italian  ,0.42,0.261,0.186,0.132
207,1156,Italian  ,0.117,0.156,0.288,0.439
208,1157,Italian  ,0.23,0.468,0.167,0.134
209,1171,Italian  ,0.28,0.381,0.192,0.146
210,1172,Italian  ,0.368,0.21,0.202,0.22
211,1173,Italian  ,0.163,0.536,0.16,0.14
212,1174,Italian  ,0.176,0.129,0.237,0.457
213,1177,Italian  ,0.102,0.612,0.143,0.143
214,665,Sardinian  ,0.143,0.386,0.183,0.288
215,666,Sardinian  ,0.169,0.369,0.157,0.305
216,667,Sardinian  ,0.414,0.223,0.148,0.216
217,668,Sardinian  ,0.159,0.483,0.156,0.202
218,669,Sardinian  ,0.226,0.422,0.126,0.225
219,670,Sardinian  ,0.497,0.2,0.151,0.153
220,671,Sardinian  ,0.3,0.366,0.206,0.127
221,672,Sardinian  ,0.374,0.264,0.139,0.223
222,673,Sardinian  ,0.205,0.605,0.099,0.092
223,674,Sardinian  ,0.228,0.412,0.284,0.076
224,1062,Sardinian  ,0.179,0.222,0.347,0.251
225,1063,Sardinian  ,0.207,0.418,0.214,0.161
226,1064,Sardinian  ,0.13,0.447,0.328,0.096
227,1065,Sardinian  ,0.095,0.439,0.281,0.185
228,1066,Sardinian  ,0.352,0.182,0.344,0.122
229,1067,Sardinian  ,0.198,0.251,0.28,0.271
230,1068,Sardinian  ,0.214,0.379,0.184,0.223
231,1069,Sardinian  ,0.309,0.364,0.187,0.139
232,1070,Sardinian  ,0.287,0.39,0.233,0.09
233,1071,Sardinian  ,0.256,0.278,0.193,0.273
234,1072,Sardinian  ,0.331,0.436,0.122,0.111
235,1073,Sardinian  ,0.121,0.485,0.214,0.179
236,1074,Sardinian  ,0.337,0.278,0.183,0.202
237,1075,Sardinian  ,0.309,0.136,0.332,0.222
238,1076,Sardinian  ,0.163,0.28,0.371,0.186
239,1077,Sardinian  ,0.254,0.472,0.136,0.138
240,1078,Sardinian  ,0.109,0.48,0.263,0.149
241,1079,Sardinian  ,0.256,0.37,0.249,0.125
242,1161,Tuscan  ,0.337,0.332,0.135,0.196
243,1162,Tuscan  ,0.299,0.393,0.158,0.15
244,1163,Tuscan  ,0.175,0.551,0.103,0.172
245,1164,Tuscan  ,0.142,0.284,0.117,0.457
246,1166,Tuscan  ,0.193,0.561,0.121,0.125
247,1167,Tuscan  ,0.393,0.341,0.166,0.1
248,1168,Tuscan  ,0.185,0.339,0.125,0.351
249,1169,Tuscan  ,0.282,0.34,0.207,0.171
250,1253,Mozabite  ,0.227,0.552,0.104,0.116
251,1254,Mozabite  ,0.329,0.325,0.146,0.2
252,1255,Mozabite  ,0.254,0.325,0.117,0.304
253,1256,Mozabite  ,0.58,0.156,0.14,0.123
254,1257,Mozabite  ,0.363,0.319,0.179,0.139
255,1258,Mozabite  ,0.339,0.28,0.127,0.254
256,1259,Mozabite  ,0.278,0.295,0.15,0.276
257,1260,Mozabite  ,0.163,0.217,0.391,0.229
258,1261,Mozabite  ,0.552,0.153,0.195,0.101
259,1262,Mozabite  ,0.17,0.418,0.321,0.092
260,1263,Mozabite  ,0.204,0.2,0.219,0.377
261,1265,Mozabite  ,0.183,0.307,0.22,0.29
262,1266,Mozabite  ,0.387,0.212,0.253,0.148
263,1268,Mozabite  ,0.395,0.308,0.155,0.142
264,1269,Mozabite  ,0.163,0.416,0.204,0.217
265,1270,Mozabite  ,0.226,0.189,0.278,0.307
266,1271,Mozabite  ,0.515,0.126,0.167,0.192
267,1272,Mozabite  ,0.32,0.185,0.31,0.185
268,1273,Mozabite  ,0.295,0.285,0.237,0.183
269,1275,Mozabite  ,0.22,0.468,0.129,0.183
270,1276,Mozabite  ,0.181,0.268,0.302,0.249
271,1277,Mozabite  ,0.154,0.368,0.298,0.181
272,1278,Mozabite  ,0.197,0.346,0.158,0.298
273,1280,Mozabite  ,0.271,0.311,0.237,0.181
274,1281,Mozabite  ,0.157,0.342,0.402,0.099
275,1282,Mozabite  ,0.247,0.282,0.169,0.302
276,607,Bedouin  ,0.523,0.252,0.13,0.095
277,608,Bedouin  ,0.291,0.42,0.121,0.168
278,609,Bedouin  ,0.334,0.204,0.232,0.231
279,610,Bedouin  ,0.211,0.42,0.258,0.111
280,611,Bedouin  ,0.551,0.181,0.151,0.117
281,612,Bedouin  ,0.483,0.272,0.129,0.116
282,613,Bedouin  ,0.133,0.349,0.305,0.214
283,614,Bedouin  ,0.124,0.182,0.569,0.125
284,615,Bedouin  ,0.431,0.211,0.226,0.132
285,616,Bedouin  ,0.328,0.393,0.135,0.144
286,617,Bedouin  ,0.387,0.187,0.329,0.096
287,618,Bedouin  ,0.393,0.225,0.305,0.077
288,619,Bedouin  ,0.204,0.284,0.386,0.127
289,620,Bedouin  ,0.435,0.201,0.236,0.128
290,621,Bedouin  ,0.363,0.179,0.277,0.182
291,622,Bedouin  ,0.401,0.356,0.131,0.112
292,623,Bedouin  ,0.533,0.191,0.156,0.121
293,624,Bedouin  ,0.327,0.208,0.151,0.314
294,625,Bedouin  ,0.455,0.234,0.186,0.125
295,626,Bedouin  ,0.123,0.424,0.265,0.188
296,627,Bedouin  ,0.313,0.227,0.34,0.119
297,628,Bedouin  ,0.215,0.201,0.441,0.143
298,629,Bedouin  ,0.224,0.27,0.141,0.365
299,630,Bedouin  ,0.464,0.172,0.152,0.213
300,631,Bedouin  ,0.259,0.277,0.294,0.17
301,632,Bedouin  ,0.34,0.227,0.108,0.324
302,633,Bedouin  ,0.385,0.334,0.122,0.16
303,634,Bedouin  ,0.225,0.361,0.25,0.165
304,635,Bedouin  ,0.525,0.194,0.145,0.136
305,636,Bedouin  ,0.238,0.209,0.334,0.219
306,637,Bedouin  ,0.308,0.312,0.218,0.162
307,638,Bedouin  ,0.314,0.413,0.198,0.075
308,639,Bedouin  ,0.232,0.496,0.125,0.146
309,640,Bedouin  ,0.297,0.243,0.235,0.225
310,641,Bedouin  ,0.207,0.309,0.272,0.212
311,642,Bedouin  ,0.244,0.239,0.319,0.198
312,643,Bedouin  ,0.182,0.258,0.431,0.128
313,644,Bedouin  ,0.241,0.41,0.247,0.102
314,645,Bedouin  ,0.244,0.547,0.099,0.109
315,646,Bedouin  ,0.159,0.493,0.167,0.181
316,647,Bedouin  ,0.419,0.231,0.231,0.119
317,648,Bedouin  ,0.371,0.343,0.191,0.095
318,649,Bedouin  ,0.336,0.427,0.171,0.066
319,650,Bedouin  ,0.372,0.246,0.276,0.106
320,651,Bedouin  ,0.341,0.332,0.15,0.178
321,653,Bedouin  ,0.266,0.41,0.218,0.106
322,654,Bedouin  ,0.294,0.419,0.104,0.184
323,701,Bedouin  ,0.338,0.239,0.292,0.131
324,557,Druze  ,0.135,0.224,0.144,0.498
325,558,Druze  ,0.245,0.404,0.173,0.177
326,559,Druze  ,0.226,0.417,0.196,0.162
327,560,Druze  ,0.133,0.584,0.088,0.194
328,561,Druze  ,0.106,0.487,0.223,0.185
329,562,Druze  ,0.259,0.166,0.144,0.431
330,563,Druze  ,0.221,0.384,0.181,0.213
331,564,Druze  ,0.287,0.417,0.129,0.168
332,565,Druze  ,0.296,0.318,0.159,0.226
333,566,Druze  ,0.235,0.221,0.152,0.392
334,567,Druze  ,0.136,0.516,0.092,0.257
335,568,Druze  ,0.201,0.471,0.194,0.135
336,569,Druze  ,0.17,0.336,0.099,0.396
337,570,Druze  ,0.289,0.389,0.229,0.092
338,571,Druze  ,0.197,0.369,0.143,0.29
339,572,Druze  ,0.208,0.351,0.183,0.257
340,573,Druze  ,0.191,0.292,0.256,0.26
341,574,Druze  ,0.152,0.487,0.262,0.099
342,575,Druze  ,0.357,0.303,0.135,0.205
343,576,Druze  ,0.225,0.39,0.109,0.276
344,577,Druze  ,0.238,0.356,0.131,0.274
345,578,Druze  ,0.279,0.238,0.116,0.367
346,579,Druze  ,0.257,0.196,0.304,0.243
347,580,Druze  ,0.234,0.437,0.178,0.151
348,581,Druze  ,0.143,0.47,0.228,0.158
349,582,Druze  ,0.2,0.26,0.203,0.337
350,583,Druze  ,0.307,0.238,0.113,0.342
351,584,Druze  ,0.227,0.357,0.277,0.139
352,585,Druze  ,0.17,0.415,0.284,0.131
353,586,Druze  ,0.113,0.29,0.376,0.221
354,587,Druze  ,0.263,0.404,0.243,0.09
355,588,Druze  ,0.205,0.319,0.147,0.329
356,590,Druze  ,0.204,0.263,0.276,0.258
357,591,Druze  ,0.318,0.283,0.118,0.28
358,592,Druze  ,0.178,0.293,0.171,0.357
359,594,Druze  ,0.271,0.479,0.11,0.14
360,595,Druze  ,0.43,0.265,0.146,0.159
361,598,Druze  ,0.184,0.354,0.198,0.264
362,599,Druze  ,0.264,0.305,0.165,0.266
363,600,Druze  ,0.376,0.291,0.167,0.167
364,601,Druze  ,0.116,0.419,0.247,0.218
365,602,Druze  ,0.192,0.423,0.242,0.143
366,603,Druze  ,0.12,0.427,0.106,0.347
367,604,Druze  ,0.194,0.366,0.172,0.268
368,605,Druze  ,0.132,0.363,0.266,0.239
369,606,Druze  ,0.148,0.259,0.341,0.252
370,675,Palestinian  ,0.181,0.391,0.328,0.1
371,676,Palestinian  ,0.196,0.315,0.313,0.176
372,677,Palestinian  ,0.252,0.563,0.104,0.081
373,678,Palestinian  ,0.27,0.229,0.323,0.178
374,679,Palestinian  ,0.205,0.263,0.327,0.206
375,680,Palestinian  ,0.23,0.303,0.381,0.086
376,681,Palestinian  ,0.326,0.316,0.245,0.113
377,682,Palestinian  ,0.237,0.509,0.17,0.084
378,683,Palestinian  ,0.357,0.139,0.321,0.184
379,684,Palestinian  ,0.221,0.347,0.27,0.162
380,685,Palestinian  ,0.263,0.362,0.251,0.124
381,686,Palestinian  ,0.259,0.267,0.196,0.278
382,687,Palestinian  ,0.329,0.403,0.125,0.143
383,688,Palestinian  ,0.164,0.543,0.12,0.172
384,689,Palestinian  ,0.197,0.405,0.188,0.21
385,690,Palestinian  ,0.502,0.173,0.243,0.082
386,691,Palestinian  ,0.204,0.198,0.198,0.4
387,692,Palestinian  ,0.338,0.329,0.243,0.09
388,693,Palestinian  ,0.225,0.302,0.318,0.155
389,694,Palestinian  ,0.269,0.413,0.194,0.124
390,695,Palestinian  ,0.339,0.301,0.211,0.149
391,696,Palestinian  ,0.153,0.417,0.271,0.159
392,697,Palestinian  ,0.373,0.264,0.167,0.195
393,698,Palestinian  ,0.298,0.259,0.121,0.322
394,699,Palestinian  ,0.474,0.132,0.202,0.192
395,700,Palestinian  ,0.226,0.28,0.363,0.132
396,722,Palestinian  ,0.193,0.511,0.166,0.131
397,723,Palestinian  ,0.435,0.309,0.155,0.101
398,724,Palestinian  ,0.232,0.492,0.172,0.103
399,725,Palestinian  ,0.153,0.552,0.173,0.122
400,726,Palestinian  ,0.116,0.39,0.398,0.096
401,727,Palestinian  ,0.145,0.239,0.462,0.154
402,728,Palestinian  ,0.115,0.143,0.613,0.129
403,729,Palestinian  ,0.223,0.274,0.324,0.179
404,730,Palestinian  ,0.173,0.367,0.296,0.165
405,731,Palestinian  ,0.238,0.438,0.222,0.102
406,732,Palestinian  ,0.236,0.513,0.11,0.141
407,733,Palestinian  ,0.222,0.289,0.308,0.181
408,734,Palestinian  ,0.324,0.28,0.153,0.243
409,735,Palestinian  ,0.169,0.183,0.443,0.205
410,736,Palestinian  ,0.206,0.304,0.33,0.16
411,737,Palestinian  ,0.38,0.34,0.108,0.172
412,738,Palestinian  ,0.243,0.212,0.373,0.172
413,739,Palestinian  ,0.289,0.36,0.244,0.107
414,740,Palestinian  ,0.181,0.477,0.245,0.097
415,741,Palestinian  ,0.174,0.484,0.195,0.147
416,742,Palestinian  ,0.334,0.152,0.37,0.143
417,743,Palestinian  ,0.172,0.56,0.112,0.156
418,744,Palestinian  ,0.26,0.238,0.358,0.144
419,745,Palestinian  ,0.132,0.467,0.148,0.253
420,746,Palestinian  ,0.274,0.462,0.17,0.094
421,52,Balochi  ,0.113,0.548,0.132,0.208
422,54,Balochi  ,0.203,0.406,0.244,0.147
423,56,Balochi  ,0.269,0.277,0.24,0.215
424,57,Balochi  ,0.137,0.176,0.467,0.22
425,58,Balochi  ,0.254,0.41,0.168,0.168
426,60,Balochi  ,0.2,0.4,0.212,0.188
427,62,Balochi  ,0.212,0.265,0.141,0.382
428,64,Balochi  ,0.237,0.349,0.228,0.185
429,66,Balochi  ,0.503,0.295,0.102,0.099
430,68,Balochi  ,0.201,0.331,0.36,0.107
431,70,Balochi  ,0.13,0.161,0.537,0.171
432,72,Balochi  ,0.154,0.256,0.431,0.159
433,74,Balochi  ,0.2,0.315,0.198,0.287
434,76,Balochi  ,0.271,0.408,0.179,0.142
435,78,Balochi  ,0.295,0.244,0.313,0.149
436,80,Balochi  ,0.239,0.363,0.163,0.235
437,82,Balochi  ,0.306,0.138,0.353,0.204
438,84,Balochi  ,0.272,0.191,0.322,0.215
439,86,Balochi  ,0.358,0.243,0.145,0.254
440,88,Balochi  ,0.364,0.302,0.212,0.123
441,90,Balochi  ,0.286,0.279,0.293,0.142
442,92,Balochi  ,0.218,0.274,0.235,0.273
443,94,Balochi  ,0.222,0.524,0.129,0.124
444,96,Balochi  ,0.129,0.209,0.115,0.546
445,98,Balochi  ,0.475,0.188,0.156,0.182
446,1,Brahui  ,0.295,0.249,0.265,0.19
447,3,Brahui  ,0.176,0.173,0.218,0.433
448,5,Brahui  ,0.228,0.357,0.313,0.102
449,7,Brahui  ,0.187,0.432,0.191,0.19
450,9,Brahui  ,0.283,0.378,0.208,0.13
451,11,Brahui  ,0.277,0.383,0.171,0.169
452,13,Brahui  ,0.256,0.43,0.152,0.162
453,15,Brahui  ,0.203,0.246,0.337,0.214
454,17,Brahui  ,0.163,0.536,0.173,0.129
455,19,Brahui  ,0.326,0.221,0.197,0.256
456,21,Brahui  ,0.134,0.602,0.133,0.13
457,23,Brahui  ,0.236,0.437,0.202,0.125
458,25,Brahui  ,0.16,0.522,0.101,0.218
459,27,Brahui  ,0.31,0.304,0.215,0.17
460,29,Brahui  ,0.321,0.271,0.282,0.127
461,31,Brahui  ,0.142,0.32,0.428,0.11
462,33,Brahui  ,0.305,0.17,0.363,0.162
463,35,Brahui  ,0.111,0.417,0.251,0.222
464,37,Brahui  ,0.209,0.278,0.112,0.402
465,39,Brahui  ,0.214,0.199,0.271,0.317
466,41,Brahui  ,0.146,0.46,0.265,0.129
467,43,Brahui  ,0.282,0.456,0.117,0.145
468,45,Brahui  ,0.232,0.319,0.309,0.14
469,47,Brahui  ,0.152,0.484,0.234,0.13
470,49,Brahui  ,0.17,0.257,0.305,0.268
471,130,Makrani  ,0.248,0.236,0.201,0.315
472,131,Makrani  ,0.141,0.308,0.25,0.3
473,133,Makrani  ,0.245,0.463,0.187,0.106
474,134,Makrani  ,0.33,0.306,0.179,0.185
475,135,Makrani  ,0.16,0.338,0.209,0.293
476,136,Makrani  ,0.296,0.339,0.161,0.204
477,137,Makrani  ,0.385,0.31,0.173,0.132
478,139,Makrani  ,0.312,0.237,0.163,0.288
479,140,Makrani  ,0.407,0.276,0.209,0.107
480,141,Makrani  ,0.249,0.228,0.351,0.172
481,143,Makrani  ,0.127,0.412,0.153,0.308
482,144,Makrani  ,0.193,0.362,0.315,0.13
483,145,Makrani  ,0.135,0.175,0.441,0.249
484,146,Makrani  ,0.262,0.329,0.34,0.07
485,148,Makrani  ,0.228,0.502,0.154,0.116
486,149,Makrani  ,0.231,0.317,0.275,0.178
487,150,Makrani  ,0.226,0.231,0.306,0.236
488,151,Makrani  ,0.133,0.579,0.178,0.109
489,153,Makrani  ,0.378,0.193,0.261,0.167
490,154,Makrani  ,0.337,0.225,0.236,0.202
491,155,Makrani  ,0.147,0.339,0.306,0.208
492,157,Makrani  ,0.137,0.162,0.26,0.441
493,158,Makrani  ,0.246,0.245,0.183,0.325
494,160,Makrani  ,0.248,0.302,0.325,0.126
495,161,Makrani  ,0.28,0.243,0.216,0.261
496,213,Pathan  ,0.126,0.41,0.348,0.115
497,214,Pathan  ,0.229,0.558,0.1,0.112
498,216,Pathan  ,0.154,0.247,0.448,0.151
499,218,Pathan  ,0.191,0.358,0.34,0.111
500,222,Pathan  ,0.162,0.2,0.311,0.326
501,224,Pathan  ,0.347,0.443,0.111,0.098
502,226,Pathan  ,0.149,0.298,0.216,0.337
503,228,Pathan  ,0.198,0.223,0.183,0.396
504,230,Pathan  ,0.152,0.274,0.308,0.267
505,232,Pathan  ,0.175,0.294,0.36,0.171
506,234,Pathan  ,0.254,0.369,0.223,0.153
507,237,Pathan  ,0.234,0.245,0.302,0.218
508,239,Pathan  ,0.191,0.342,0.383,0.084
509,241,Pathan  ,0.18,0.404,0.276,0.139
510,243,Pathan  ,0.352,0.256,0.233,0.159
511,247,Pathan  ,0.1,0.5,0.12,0.281
512,248,Pathan  ,0.207,0.291,0.362,0.14
513,251,Pathan  ,0.164,0.564,0.168,0.105
514,254,Pathan  ,0.151,0.176,0.439,0.234
515,258,Pathan  ,0.486,0.276,0.118,0.121
516,259,Pathan  ,0.186,0.468,0.204,0.142
517,262,Pathan  ,0.102,0.439,0.227,0.232
518,264,Pathan  ,0.199,0.491,0.185,0.126
519,163,Sindhi  ,0.349,0.259,0.176,0.216
520,165,Sindhi  ,0.255,0.28,0.231,0.233
521,167,Sindhi  ,0.202,0.415,0.216,0.167
522,169,Sindhi  ,0.379,0.219,0.263,0.14
523,171,Sindhi  ,0.133,0.156,0.437,0.274
524,173,Sindhi  ,0.189,0.302,0.407,0.102
525,177,Sindhi  ,0.391,0.234,0.196,0.179
526,179,Sindhi  ,0.167,0.642,0.101,0.09
527,181,Sindhi  ,0.389,0.314,0.193,0.105
528,183,Sindhi  ,0.187,0.123,0.452,0.239
529,185,Sindhi  ,0.275,0.143,0.215,0.367
530,187,Sindhi  ,0.261,0.38,0.244,0.115
531,189,Sindhi  ,0.233,0.275,0.228,0.264
532,191,Sindhi  ,0.345,0.269,0.272,0.114
533,192,Sindhi  ,0.341,0.266,0.236,0.158
534,195,Sindhi  ,0.135,0.18,0.369,0.316
535,197,Sindhi  ,0.208,0.402,0.257,0.133
536,199,Sindhi  ,0.275,0.455,0.123,0.148
537,201,Sindhi  ,0.246,0.269,0.304,0.181
538,203,Sindhi  ,0.136,0.207,0.222,0.436
539,205,Sindhi  ,0.231,0.416,0.222,0.131
540,206,Sindhi  ,0.089,0.587,0.16,0.164
541,208,Sindhi  ,0.206,0.31,0.266,0.219
542,210,Sindhi  ,0.233,0.424,0.2,0.143
543,336,Burusho  ,0.46,0.191,0.138,0.212
544,338,Burusho  ,0.182,0.335,0.147,0.336
545,341,Burusho  ,0.279,0.343,0.169,0.208
546,346,Burusho  ,0.23,0.33,0.288,0.152
547,351,Burusho  ,0.193,0.212,0.257,0.338
548,356,Burusho  ,0.149,0.207,0.49,0.154
549,359,Burusho  ,0.406,0.192,0.152,0.25
550,364,Burusho  ,0.315,0.41,0.138,0.137
551,371,Burusho  ,0.314,0.207,0.319,0.16
552,372,Burusho  ,0.321,0.242,0.269,0.168
553,376,Burusho  ,0.385,0.16,0.34,0.115
554,382,Burusho  ,0.171,0.279,0.391,0.159
555,388,Burusho  ,0.152,0.477,0.165,0.207
556,392,Burusho  ,0.2,0.173,0.378,0.249
557,397,Burusho  ,0.112,0.314,0.215,0.359
558,402,Burusho  ,0.184,0.311,0.367,0.139
559,407,Burusho  ,0.38,0.185,0.276,0.159
560,412,Burusho  ,0.14,0.378,0.377,0.105
561,417,Burusho  ,0.19,0.301,0.309,0.2
562,423,Burusho  ,0.263,0.26,0.296,0.182
563,428,Burusho  ,0.17,0.404,0.222,0.204
564,433,Burusho  ,0.122,0.372,0.247,0.259
565,438,Burusho  ,0.316,0.153,0.424,0.107
566,444,Burusho  ,0.195,0.222,0.294,0.29
567,445,Burusho  ,0.2,0.388,0.286,0.126
568,99,Hazara  ,0.246,0.324,0.249,0.181
569,100,Hazara  ,0.18,0.274,0.36,0.186
570,102,Hazara  ,0.203,0.243,0.182,0.372
571,103,Hazara  ,0.311,0.336,0.224,0.13
572,104,Hazara  ,0.109,0.315,0.33,0.246
573,105,Hazara  ,0.108,0.125,0.648,0.118
574,106,Hazara  ,0.183,0.275,0.388,0.153
575,108,Hazara  ,0.121,0.277,0.398,0.205
576,109,Hazara  ,0.287,0.278,0.18,0.255
577,110,Hazara  ,0.214,0.218,0.357,0.211
578,112,Hazara  ,0.127,0.268,0.421,0.183
579,113,Hazara  ,0.189,0.266,0.371,0.174
580,115,Hazara  ,0.16,0.207,0.208,0.424
581,116,Hazara  ,0.29,0.234,0.316,0.16
582,118,Hazara  ,0.164,0.24,0.472,0.124
583,119,Hazara  ,0.143,0.517,0.213,0.127
584,120,Hazara  ,0.098,0.234,0.501,0.166
585,121,Hazara  ,0.155,0.189,0.302,0.354
586,122,Hazara  ,0.205,0.271,0.344,0.18
587,124,Hazara  ,0.176,0.227,0.421,0.176
588,125,Hazara  ,0.385,0.218,0.179,0.218
589,127,Hazara  ,0.245,0.225,0.176,0.354
590,128,Hazara  ,0.158,0.217,0.275,0.349
591,129,Hazara  ,0.172,0.366,0.263,0.199
592,1297,Uygur  ,0.211,0.178,0.222,0.389
593,1298,Uygur  ,0.123,0.225,0.435,0.217
594,1299,Uygur  ,0.187,0.312,0.262,0.239
595,1300,Uygur  ,0.249,0.309,0.167,0.276
596,1301,Uygur  ,0.175,0.161,0.109,0.555
597,1302,Uygur  ,0.126,0.185,0.382,0.307
598,1303,Uygur  ,0.19,0.278,0.405,0.127
599,1304,Uygur  ,0.125,0.252,0.46,0.163
600,1305,Uygur  ,0.203,0.166,0.369,0.262
601,1306,Uygur  ,0.167,0.242,0.264,0.326
602,267,Kalash  ,0.217,0.191,0.376,0.216
603,274,Kalash  ,0.257,0.391,0.212,0.14
604,277,Kalash  ,0.183,0.318,0.356,0.143
605,279,Kalash  ,0.151,0.295,0.261,0.293
606,281,Kalash  ,0.338,0.228,0.217,0.216
607,285,Kalash  ,0.335,0.209,0.341,0.115
608,286,Kalash  ,0.263,0.382,0.176,0.178
609,288,Kalash  ,0.338,0.412,0.116,0.134
610,290,Kalash  ,0.169,0.525,0.168,0.138
611,292,Kalash  ,0.321,0.461,0.133,0.085
612,298,Kalash  ,0.23,0.316,0.296,0.157
613,302,Kalash  ,0.14,0.51,0.131,0.218
614,304,Kalash  ,0.294,0.392,0.195,0.118
615,307,Kalash  ,0.271,0.241,0.371,0.117
616,309,Kalash  ,0.195,0.256,0.455,0.094
617,311,Kalash  ,0.205,0.292,0.28,0.224
618,313,Kalash  ,0.412,0.35,0.158,0.081
619,315,Kalash  ,0.13,0.198,0.391,0.281
620,319,Kalash  ,0.198,0.5,0.129,0.172
621,321,Kalash  ,0.344,0.248,0.188,0.22
622,323,Kalash  ,0.252,0.286,0.231,0.231
623,326,Kalash  ,0.424,0.297,0.121,0.159
624,328,Kalash  ,0.327,0.202,0.317,0.154
625,330,Kalash  ,0.55,0.178,0.117,0.155
626,333,Kalash  ,0.395,0.193,0.147,0.265
627,774,Han  ,0.134,0.207,0.372,0.287
628,775,Han  ,0.191,0.103,0.431,0.275
629,776,Han  ,0.212,0.158,0.214,0.416
630,777,Han  ,0.134,0.191,0.472,0.204
631,778,Han  ,0.193,0.21,0.328,0.27
632,779,Han  ,0.123,0.158,0.427,0.292
633,780,Han  ,0.145,0.225,0.287,0.342
634,781,Han  ,0.164,0.119,0.515,0.202
635,782,Han  ,0.121,0.241,0.29,0.348
636,783,Han  ,0.11,0.132,0.478,0.279
637,784,Han  ,0.227,0.178,0.438,0.157
638,785,Han  ,0.117,0.394,0.216,0.273
639,786,Han  ,0.293,0.204,0.365,0.138
640,811,Han  ,0.221,0.197,0.291,0.29
641,812,Han  ,0.239,0.197,0.319,0.245
642,813,Han  ,0.206,0.183,0.468,0.143
643,814,Han  ,0.268,0.209,0.238,0.285
644,815,Han  ,0.249,0.219,0.311,0.221
645,817,Han  ,0.239,0.204,0.21,0.346
646,818,Han  ,0.163,0.109,0.424,0.303
647,819,Han  ,0.165,0.125,0.336,0.374
648,820,Han  ,0.219,0.122,0.442,0.217
649,821,Han  ,0.16,0.152,0.522,0.166
650,822,Han  ,0.1,0.089,0.596,0.215
651,971,Han  ,0.225,0.175,0.224,0.377
652,972,Han  ,0.118,0.211,0.531,0.14
653,973,Han  ,0.254,0.158,0.479,0.108
654,974,Han  ,0.076,0.183,0.435,0.306
655,975,Han  ,0.168,0.219,0.437,0.176
656,976,Han  ,0.234,0.193,0.397,0.177
657,977,Han  ,0.099,0.233,0.359,0.308
658,1021,Han  ,0.126,0.216,0.506,0.151
659,1023,Han  ,0.125,0.183,0.269,0.423
660,1024,Han  ,0.12,0.066,0.702,0.112
661,1287,Han (N. China),0.272,0.166,0.381,0.181
662,1288,Han (N. China),0.111,0.178,0.467,0.244
663,1289,Han (N. China),0.1,0.135,0.536,0.229
664,1290,Han (N. China),0.19,0.345,0.237,0.227
665,1291,Han (N. China),0.261,0.207,0.294,0.239
666,1292,Han (N. China),0.149,0.203,0.507,0.142
667,1293,Han (N. China),0.135,0.104,0.433,0.328
668,1294,Han (N. China),0.096,0.122,0.577,0.204
669,1295,Han (N. China),0.133,0.248,0.465,0.154
670,1296,Han (N. China),0.24,0.142,0.238,0.381
671,1307,Dai  ,0.107,0.136,0.293,0.464
672,1308,Dai  ,0.206,0.162,0.272,0.359
673,1309,Dai  ,0.39,0.152,0.385,0.072
674,1310,Dai  ,0.095,0.244,0.423,0.238
675,1311,Dai  ,0.251,0.206,0.319,0.224
676,1312,Dai  ,0.252,0.313,0.301,0.134
677,1313,Dai  ,0.112,0.113,0.442,0.333
678,1314,Dai  ,0.114,0.312,0.417,0.157
679,1315,Dai  ,0.107,0.1,0.529,0.264
680,1316,Dai  ,0.416,0.218,0.187,0.179
681,1213,Daur  ,0.128,0.182,0.412,0.278
682,1214,Daur  ,0.181,0.1,0.52,0.198
683,1215,Daur  ,0.207,0.142,0.45,0.201
684,1216,Daur  ,0.126,0.265,0.424,0.185
685,1217,Daur  ,0.207,0.248,0.428,0.116
686,1218,Daur  ,0.249,0.256,0.293,0.201
687,1220,Daur  ,0.121,0.305,0.302,0.272
688,1221,Daur  ,0.174,0.277,0.282,0.267
689,1222,Daur  ,0.146,0.151,0.314,0.39
690,1233,Hezhen  ,0.142,0.264,0.44,0.154
691,1234,Hezhen  ,0.168,0.096,0.36,0.376
692,1236,Hezhen  ,0.194,0.212,0.404,0.19
693,1237,Hezhen  ,0.178,0.303,0.387,0.133
694,1238,Hezhen  ,0.154,0.277,0.452,0.116
695,1239,Hezhen  ,0.125,0.122,0.636,0.117
696,1240,Hezhen  ,0.18,0.138,0.361,0.321
697,1241,Hezhen  ,0.111,0.109,0.227,0.553
698,1242,Hezhen  ,0.122,0.123,0.314,0.441
699,1317,Lahu  ,0.234,0.263,0.37,0.133
700,1318,Lahu  ,0.199,0.298,0.19,0.313
701,1319,Lahu  ,0.164,0.139,0.526,0.171
702,1320,Lahu  ,0.325,0.219,0.27,0.186
703,1321,Lahu  ,0.203,0.231,0.315,0.252
704,1322,Lahu  ,0.164,0.225,0.396,0.216
705,1323,Lahu  ,0.204,0.109,0.577,0.11
706,1324,Lahu  ,0.141,0.09,0.591,0.178
707,1325,Lahu  ,0.21,0.177,0.447,0.166
708,1326,Lahu  ,0.245,0.146,0.376,0.233
709,1189,Miao  ,0.078,0.092,0.68,0.149
710,1190,Miao  ,0.167,0.111,0.252,0.47
711,1191,Miao  ,0.141,0.094,0.311,0.454
712,1192,Miao  ,0.119,0.236,0.414,0.231
713,1193,Miao  ,0.112,0.121,0.385,0.382
714,1194,Miao  ,0.221,0.153,0.416,0.211
715,1195,Miao  ,0.16,0.141,0.422,0.276
716,1196,Miao  ,0.199,0.116,0.477,0.208
717,1197,Miao  ,0.121,0.146,0.17,0.563
718,1198,Miao  ,0.234,0.11,0.54,0.116
719,1203,Oroqen  ,0.206,0.149,0.528,0.117
720,1204,Oroqen  ,0.193,0.13,0.432,0.246
721,1205,Oroqen  ,0.12,0.143,0.62,0.117
722,1206,Oroqen  ,0.259,0.134,0.315,0.291
723,1207,Oroqen  ,0.125,0.096,0.454,0.325
724,1208,Oroqen  ,0.245,0.183,0.347,0.224
725,1209,Oroqen  ,0.146,0.167,0.263,0.424
726,1210,Oroqen  ,0.178,0.219,0.454,0.148
727,1211,Oroqen  ,0.104,0.108,0.47,0.318
728,1212,Oroqen  ,0.144,0.108,0.531,0.217
729,1327,She  ,0.092,0.134,0.507,0.266
730,1328,She  ,0.097,0.134,0.652,0.116
731,1329,She  ,0.157,0.096,0.569,0.179
732,1330,She  ,0.241,0.1,0.421,0.238
733,1331,She  ,0.195,0.124,0.502,0.179
734,1332,She  ,0.167,0.142,0.512,0.179
735,1333,She  ,0.147,0.18,0.404,0.269
736,1334,She  ,0.184,0.297,0.204,0.315
737,1335,She  ,0.267,0.155,0.357,0.221
738,1336,She  ,0.167,0.137,0.523,0.173
739,1095,Tujia  ,0.164,0.287,0.363,0.186
740,1096,Tujia  ,0.228,0.207,0.411,0.154
741,1097,Tujia  ,0.128,0.246,0.344,0.282
742,1098,Tujia  ,0.427,0.155,0.181,0.237
743,1099,Tujia  ,0.163,0.22,0.512,0.105
744,1100,Tujia  ,0.121,0.239,0.434,0.206
745,1101,Tujia  ,0.245,0.075,0.602,0.078
746,1102,Tujia  ,0.107,0.257,0.312,0.324
747,1103,Tujia  ,0.169,0.217,0.43,0.184
748,1104,Tujia  ,0.142,0.101,0.643,0.114
749,1347,Tu  ,0.157,0.157,0.559,0.127
750,1348,Tu  ,0.219,0.23,0.241,0.309
751,1349,Tu  ,0.327,0.208,0.287,0.178
752,1350,Tu  ,0.166,0.113,0.577,0.143
753,1351,Tu  ,0.121,0.374,0.395,0.11
754,1352,Tu  ,0.151,0.342,0.239,0.268
755,1353,Tu  ,0.245,0.196,0.361,0.199
756,1354,Tu  ,0.181,0.103,0.487,0.229
757,1355,Tu  ,0.182,0.118,0.413,0.287
758,1356,Tu  ,0.165,0.148,0.549,0.139
759,1243,Xibo  ,0.126,0.17,0.531,0.174
760,1244,Xibo  ,0.096,0.076,0.644,0.184
761,1245,Xibo  ,0.309,0.229,0.259,0.204
762,1246,Xibo  ,0.093,0.195,0.338,0.373
763,1247,Xibo  ,0.159,0.238,0.258,0.345
764,1248,Xibo  ,0.229,0.213,0.27,0.288
765,1249,Xibo  ,0.253,0.288,0.278,0.181
766,1250,Xibo  ,0.25,0.116,0.497,0.137
767,1251,Xibo  ,0.132,0.183,0.387,0.299
768,1179,Yi  ,0.186,0.114,0.374,0.326
769,1180,Yi  ,0.283,0.266,0.165,0.287
770,1181,Yi  ,0.155,0.103,0.624,0.119
771,1182,Yi  ,0.175,0.232,0.49,0.104
772,1183,Yi  ,0.105,0.116,0.417,0.362
773,1184,Yi  ,0.128,0.196,0.436,0.24
774,1185,Yi  ,0.184,0.231,0.394,0.191
775,1186,Yi  ,0.177,0.358,0.229,0.236
776,1187,Yi  ,0.273,0.097,0.35,0.28
777,1188,Yi  ,0.175,0.144,0.384,0.297
778,1223,Mongola  ,0.161,0.151,0.45,0.239
779,1224,Mongola  ,0.221,0.176,0.406,0.197
780,1225,Mongola  ,0.313,0.145,0.396,0.147
781,1226,Mongola  ,0.167,0.332,0.262,0.24
782,1227,Mongola  ,0.132,0.12,0.462,0.286
783,1228,Mongola  ,0.166,0.191,0.353,0.29
784,1229,Mongola  ,0.311,0.164,0.329,0.197
785,1230,Mongola  ,0.154,0.132,0.492,0.222
786,1231,Mongola  ,0.146,0.095,0.462,0.296
787,1232,Mongola  ,0.388,0.234,0.197,0.182
788,1337,Naxi  ,0.129,0.104,0.387,0.38
789,1338,Naxi  ,0.21,0.334,0.338,0.118
790,1340,Naxi  ,0.285,0.221,0.259,0.235
791,1341,Naxi  ,0.234,0.16,0.276,0.329
792,1342,Naxi  ,0.309,0.105,0.183,0.403
793,1343,Naxi  ,0.12,0.161,0.203,0.516
794,1345,Naxi  ,0.108,0.079,0.347,0.465
795,1346,Naxi  ,0.14,0.157,0.465,0.237
796,711,Cambodian  ,0.246,0.407,0.153,0.194
797,712,Cambodian  ,0.08,0.096,0.566,0.257
798,713,Cambodian  ,0.397,0.093,0.374,0.136
799,714,Cambodian  ,0.145,0.18,0.405,0.27
800,715,Cambodian  ,0.122,0.25,0.289,0.339
801,716,Cambodian  ,0.174,0.216,0.407,0.203
802,717,Cambodian  ,0.147,0.124,0.591,0.137
803,718,Cambodian  ,0.363,0.117,0.394,0.126
804,719,Cambodian  ,0.318,0.288,0.308,0.086
805,720,Cambodian  ,0.13,0.144,0.557,0.169
806,721,Cambodian  ,0.322,0.264,0.175,0.24
807,747,Japanese  ,0.245,0.147,0.489,0.119
808,748,Japanese  ,0.28,0.2,0.304,0.216
809,749,Japanese  ,0.376,0.205,0.281,0.139
810,750,Japanese  ,0.201,0.22,0.351,0.228
811,751,Japanese  ,0.302,0.255,0.21,0.232
812,752,Japanese  ,0.176,0.223,0.403,0.198
813,753,Japanese  ,0.438,0.097,0.175,0.291
814,754,Japanese  ,0.202,0.292,0.318,0.187
815,755,Japanese  ,0.155,0.177,0.52,0.148
816,756,Japanese  ,0.199,0.147,0.257,0.397
817,757,Japanese  ,0.142,0.219,0.337,0.303
818,758,Japanese  ,0.13,0.195,0.477,0.198
819,759,Japanese  ,0.189,0.164,0.386,0.261
820,760,Japanese  ,0.204,0.198,0.352,0.246
821,761,Japanese  ,0.125,0.207,0.542,0.126
822,762,Japanese  ,0.198,0.193,0.369,0.24
823,763,Japanese  ,0.2,0.212,0.482,0.107
824,764,Japanese  ,0.239,0.099,0.323,0.339
825,765,Japanese  ,0.245,0.182,0.316,0.257
826,766,Japanese  ,0.158,0.173,0.49,0.179
827,767,Japanese  ,0.205,0.202,0.45,0.143
828,768,Japanese  ,0.079,0.092,0.714,0.116
829,769,Japanese  ,0.195,0.303,0.303,0.199
830,771,Japanese  ,0.199,0.355,0.252,0.195
831,772,Japanese  ,0.124,0.186,0.252,0.438
832,773,Japanese  ,0.108,0.105,0.592,0.194
833,790,Japanese  ,0.133,0.202,0.372,0.293
834,791,Japanese  ,0.171,0.285,0.39,0.155
835,828,Japanese  ,0.338,0.186,0.374,0.102
836,945,Yakut  ,0.312,0.191,0.332,0.165
837,946,Yakut  ,0.613,0.109,0.188,0.09
838,947,Yakut  ,0.195,0.199,0.397,0.209
839,948,Yakut  ,0.104,0.202,0.439,0.255
840,949,Yakut  ,0.29,0.19,0.208,0.312
841,950,Yakut  ,0.204,0.188,0.266,0.342
842,951,Yakut  ,0.166,0.166,0.553,0.115
843,952,Yakut  ,0.157,0.281,0.27,0.292
844,953,Yakut  ,0.212,0.268,0.361,0.158
845,954,Yakut  ,0.151,0.195,0.446,0.208
846,955,Yakut  ,0.271,0.105,0.366,0.259
847,956,Yakut  ,0.208,0.152,0.372,0.268
848,957,Yakut  ,0.121,0.163,0.431,0.285
849,958,Yakut  ,0.143,0.13,0.576,0.15
850,959,Yakut  ,0.251,0.122,0.414,0.214
851,960,Yakut  ,0.202,0.374,0.248,0.175
852,961,Yakut  ,0.149,0.211,0.46,0.18
853,962,Yakut  ,0.215,0.192,0.429,0.163
854,963,Yakut  ,0.193,0.195,0.456,0.157
855,964,Yakut  ,0.106,0.107,0.235,0.552
856,965,Yakut  ,0.171,0.245,0.266,0.318
857,966,Yakut  ,0.133,0.188,0.372,0.306
858,967,Yakut  ,0.204,0.125,0.482,0.189
859,968,Yakut  ,0.128,0.131,0.521,0.22
860,969,Yakut  ,0.228,0.24,0.304,0.228
861,490,Melanesian  ,0.2,0.33,0.136,0.334
862,491,Melanesian  ,0.456,0.153,0.14,0.251
863,655,Melanesian  ,0.444,0.249,0.111,0.196
864,656,Melanesian  ,0.205,0.272,0.15,0.373
865,657,Melanesian  ,0.33,0.287,0.119,0.264
866,658,Melanesian  ,0.487,0.121,0.199,0.193
867,660,Melanesian  ,0.176,0.277,0.109,0.438
868,661,Melanesian  ,0.373,0.235,0.099,0.292
869,663,Melanesian  ,0.276,0.216,0.092,0.416
870,664,Melanesian  ,0.514,0.141,0.243,0.103
871,787,Melanesian  ,0.422,0.276,0.141,0.161
872,788,Melanesian  ,0.29,0.307,0.235,0.169
873,789,Melanesian  ,0.178,0.386,0.21,0.226
874,823,Melanesian  ,0.394,0.187,0.178,0.241
875,824,Melanesian  ,0.181,0.264,0.188,0.367
876,825,Melanesian  ,0.371,0.312,0.118,0.199
877,978,Melanesian  ,0.397,0.121,0.308,0.173
878,1027,Melanesian  ,0.121,0.188,0.233,0.459
879,540,Papuan  ,0.38,0.163,0.196,0.261
880,541,Papuan  ,0.272,0.162,0.37,0.196
881,542,Papuan  ,0.377,0.13,0.379,0.113
882,543,Papuan  ,0.394,0.147,0.339,0.12
883,544,Papuan  ,0.318,0.099,0.168,0.414
884,545,Papuan  ,0.277,0.11,0.288,0.324
885,546,Papuan  ,0.367,0.166,0.188,0.279
886,547,Papuan  ,0.328,0.29,0.294,0.088
887,548,Papuan  ,0.426,0.179,0.329,0.066
888,549,Papuan  ,0.203,0.156,0.431,0.21
889,550,Papuan  ,0.448,0.223,0.202,0.127
890,551,Papuan  ,0.334,0.123,0.364,0.179
891,552,Papuan  ,0.5,0.115,0.252,0.132
892,553,Papuan  ,0.481,0.112,0.241,0.166
893,554,Papuan  ,0.259,0.264,0.324,0.154
894,555,Papuan  ,0.379,0.114,0.155,0.352
895,556,Papuan  ,0.37,0.175,0.251,0.204
896,995,Karitiana  ,0.081,0.132,0.109,0.678
897,996,Karitiana  ,0.074,0.076,0.111,0.739
898,997,Karitiana  ,0.083,0.096,0.104,0.716
899,998,Karitiana  ,0.087,0.091,0.091,0.731
900,1000,Karitiana  ,0.094,0.09,0.138,0.679
901,1001,Karitiana  ,0.068,0.175,0.1,0.658
902,1003,Karitiana  ,0.099,0.2,0.093,0.607
903,1004,Karitiana  ,0.079,0.171,0.116,0.634
904,1005,Karitiana  ,0.123,0.143,0.098,0.636
905,1007,Karitiana  ,0.091,0.153,0.157,0.598
906,1008,Karitiana  ,0.081,0.09,0.092,0.737
907,1009,Karitiana  ,0.238,0.305,0.184,0.273
908,1010,Karitiana  ,0.086,0.109,0.086,0.719
909,1011,Karitiana  ,0.064,0.056,0.075,0.805
910,1016,Karitiana  ,0.07,0.119,0.085,0.727
911,1017,Karitiana  ,0.077,0.166,0.097,0.659
912,830,Surui  ,0.068,0.071,0.063,0.798
913,832,Surui  ,0.072,0.076,0.065,0.787
914,833,Surui  ,0.069,0.092,0.087,0.752
915,834,Surui  ,0.08,0.087,0.113,0.719
916,835,Surui  ,0.108,0.075,0.107,0.71
917,839,Surui  ,0.068,0.07,0.085,0.777
918,840,Surui  ,0.1,0.113,0.098,0.688
919,841,Surui  ,0.07,0.085,0.076,0.769
920,842,Surui  ,0.064,0.064,0.071,0.8
921,844,Surui  ,0.089,0.104,0.088,0.719
922,847,Surui  ,0.084,0.093,0.075,0.749
923,848,Surui  ,0.083,0.096,0.093,0.728
924,850,Surui  ,0.097,0.106,0.089,0.708
925,851,Surui  ,0.069,0.08,0.064,0.787
926,703,Colombian  ,0.1,0.161,0.118,0.62
927,704,Colombian  ,0.081,0.155,0.089,0.674
928,705,Colombian  ,0.108,0.083,0.158,0.65
929,706,Colombian  ,0.114,0.093,0.147,0.647
930,707,Colombian  ,0.083,0.11,0.172,0.635
931,708,Colombian  ,0.096,0.071,0.192,0.642
932,709,Colombian  ,0.149,0.155,0.125,0.571
933,710,Colombian  ,0.132,0.188,0.15,0.529
934,792,Colombian  ,0.089,0.135,0.111,0.665
935,793,Colombian  ,0.119,0.165,0.133,0.584
936,827,Colombian  ,0.075,0.075,0.099,0.751
937,970,Colombian  ,0.15,0.223,0.169,0.458
938,857,Maya  ,0.133,0.143,0.09,0.633
939,859,Maya  ,0.188,0.172,0.262,0.377
940,861,Maya  ,0.167,0.113,0.104,0.616
941,862,Maya  ,0.102,0.151,0.125,0.622
942,864,Maya  ,0.127,0.159,0.149,0.565
943,865,Maya  ,0.147,0.178,0.278,0.397
944,866,Maya  ,0.086,0.08,0.116,0.718
945,867,Maya  ,0.098,0.11,0.09,0.702
946,869,Maya  ,0.097,0.215,0.166,0.523
947,870,Maya  ,0.187,0.182,0.196,0.434
948,871,Maya  ,0.103,0.223,0.188,0.486
949,872,Maya  ,0.072,0.113,0.175,0.64
950,873,Maya  ,0.18,0.202,0.177,0.44
951,874,Maya  ,0.104,0.15,0.124,0.622
952,875,Maya  ,0.06,0.075,0.08,0.785
953,876,Maya  ,0.197,0.229,0.248,0.326
954,877,Maya  ,0.134,0.253,0.1,0.513
955,878,Maya  ,0.209,0.201,0.219,0.371
956,1037,Pima  ,0.098,0.127,0.107,0.668
957,1038,Pima  ,0.15,0.179,0.111,0.559
958,1039,Pima  ,0.102,0.145,0.12,0.633
959,1040,Pima  ,0.107,0.124,0.127,0.643
960,1041,Pima  ,0.088,0.104,0.086,0.722
961,1043,Pima  ,0.085,0.1,0.073,0.742
962,1044,Pima  ,0.117,0.175,0.138,0.571
963,1045,Pima  ,0.114,0.149,0.131,0.607
